0.0026440188101417537	2.0
0.005796025805126757	2.0
0.010478779821393685	2.0
0.010491949242866892	2.0
0.013503626339778401	2.0
0.017732310658303555	2.0
0.020065979325371422	2.0
0.024433175874129763	2.0
0.024772426750958244	2.0
0.026800062896750413	2.0
0.02890009821754733	2.0
0.031049685551795457	2.0
0.03247213276304059	2.0
0.03433487023713073	2.0
0.0382703233403281	2.0
0.039936657698492285	2.0
0.048808767724142055	2.0
0.05045029798561784	2.0
0.053466929346772815	2.0
0.05491509228370616	2.0
0.05889214244758761	2.0
0.06080099749465997	2.0
0.06200888533209994	2.0
0.06536416829672062	2.0
0.0657559159111931	2.0
0.06603540759900094	2.0
0.06721627817572737	2.0
0.06775087983038998	2.0
0.0690737266609354	2.0
0.07106849210729585	2.0
0.07266859885114248	2.0
0.0729599430856575	2.0
0.0732215299122769	2.0
0.07581821532003323	2.0
0.07663004793771536	2.0
0.07758568190129496	2.0
0.08914063788596963	2.0
0.09173968368159974	2.0
0.09295179150317753	2.0
0.0935180544869017	2.0
0.09468465350952422	2.0
0.09535211289565783	2.0
0.09696226384093522	2.0
0.09806956384342766	2.0
0.09827524004999857	2.0
0.10643335014682438	2.0
0.11179901853938662	2.0
0.11221799075935698	2.0
0.11297842888182749	2.0
0.11348168771657138	2.0
0.1155178762005335	2.0
0.11673003693727099	2.0
0.12007008055317125	2.0
0.120655656079116	2.0
0.12081864649285243	2.0
0.12096418663201891	2.0
0.1255678453697691	2.0
0.12658916675530762	3.0
0.1293244043818307	3.0
0.12955878978112442	3.0
0.1296380549931578	3.0
0.13055767769036267	4.0
0.13093852132419082	4.0
0.13223350541517137	4.0
0.14441939884237784	4.0
0.14514237129403573	4.0
0.1459931027177478	4.0
0.15026657285500056	4.0
0.15083901310442024	4.0
0.15146694634983224	4.0
0.15193793298569813	4.0
0.15344704458159267	4.0
0.15803553404286674	4.0
0.1580814323907062	4.0
0.15814244158199306	4.0
0.15987424154034366	4.0
0.16349473836615894	4.0
0.1658226115307575	4.0
0.16809060333010817	4.0
0.1716609617778863	4.0
0.17409252925091864	4.0
0.17655318814053475	4.0
0.1773060060546993	5.0
0.17835565091819677	5.0
0.18232836302477715	5.0
0.183465656314235	5.0
0.18832652884320522	5.0
0.19390048782484384	5.0
0.1962607968588422	5.0
0.19711804415873355	5.0
0.19919764868512888	5.0
0.20227202761777674	5.0
0.20292248996528858	5.0
0.2058637299030944	5.0
0.2083196519238661	5.0
0.21147170192858833	5.0
0.21392270048990367	5.0
0.2155381836044166	5.0
0.2167345464843916	5.0
0.21752641243329676	5.0
0.21911627765173258	5.0
0.21935553380522418	5.0
0.22200922543676224	5.0
0.22415766683518265	5.0
0.2242948913961494	5.0
0.2246877492340163	5.0
0.2249876450102971	5.0
0.22779973047515448	5.0
0.23000062697904006	5.0
0.23176959432783728	5.0
0.2326178441950238	5.0
0.2344844308994976	5.0
0.23454879629975325	5.0
0.23769241174992456	5.0
0.23920973157695055	5.0
0.23982480808218937	5.0
0.2465014921239194	5.0
0.2528392865878252	5.0
0.2541335967542853	5.0
0.2548549873788406	5.0
0.25552226304586334	5.0
0.25580636743785123	5.0
0.26010060562360066	5.0
0.2601531665047482	5.0
0.2608010614144933	5.0
0.2627918201771861	5.0
0.26300854070855473	5.0
0.2633431704424424	5.0
0.2649736109132127	5.0
0.26994917798907286	5.0
0.28064796291070915	5.0
0.28575904265853835	5.0
0.28583831615994615	5.0
0.2881309536211088	5.0
0.2886041015341684	5.0
0.2891276288806708	5.0
0.29121637630834446	5.0
0.30129480121150953	5.0
0.30278932629086447	5.0
0.3053448455619582	5.0
0.30635718991585814	5.0
0.3076853262932661	5.0
0.30963377596966346	5.0
0.31046261755143806	5.0
0.310771609566602	5.0
0.3116474436964204	5.0
0.3167558349185098	5.0
0.3169242007265593	5.0
0.31787126306460367	5.0
0.32068066369592724	5.0
0.3229485287045544	5.0
0.3289329371427272	5.0
0.3301775665430809	5.0
0.3321869691364323	5.0
0.3324192705344623	5.0
0.33278587396033443	5.0
0.3355489772063771	5.0
0.3361010705011103	5.0
0.34895045702770233	5.0
0.35111469340678964	5.0
0.35496875070550565	5.0
0.35628997518530303	5.0
0.3571410836969612	5.0
0.35830708099006464	5.0
0.35849416233431114	5.0
0.36005869609000335	5.0
0.36414715510756457	5.0
0.36415067747900826	5.0
0.365939230448728	5.0
0.36665244078863246	5.0
0.368371118161675	5.0
0.3704021662842292	5.0
0.37235521321476284	5.0
0.37336611995188745	5.0
0.3768316379372222	5.0
0.37766842577698995	5.0
0.38332970964699464	5.0
0.3841997425102722	5.0
0.3862864461126921	5.0
0.3866177493975718	5.0
0.39195386316754205	5.0
0.3925907052604167	5.0
0.3936493735669048	5.0
0.4003682536326942	5.0
0.40208601670673627	5.0
0.40590526205676464	5.0
0.40789784497383696	5.0
0.4099515061852448	5.0
0.4114493081006157	5.0
0.41743103290290307	5.0
0.41999986571796255	5.0
0.4206735139139463	5.0
0.4246446871749212	5.0
0.43146731329900495	5.0
0.4319220827279133	5.0
0.43322028546653996	5.0
0.43543081960669394	5.0
0.4354769776563777	5.0
0.43848475246328716	5.0
0.4401758892044082	5.0
0.4424590955912648	5.0
0.444797795433241	5.0
0.4521677311712941	5.0
0.4528086250013066	5.0
0.45930499642016703	5.0
0.4600362648131556	5.0
0.4601651937740837	5.0
0.4645938606734249	5.0
0.4651828335788913	5.0
0.46560851213079646	5.0
0.4677813605430272	5.0
0.4686736834032733	5.0
0.4716714209858346	5.0
0.47227459986531595	5.0
0.473825612963788	5.0
0.4745125213405721	5.0
0.4771883859452113	5.0
0.47978486427030803	5.0
0.4834113013483667	5.0
0.48356164156834397	5.0
0.49021767192592575	5.0
0.49856186009440095	5.0
0.5009892212121909	5.0
0.5044462325004525	5.0
0.5096708305617937	5.0
0.5138464152336627	5.0
0.51492414729095	5.0
0.5152399109140393	5.0
0.5168836227046375	5.0
0.5192473032068076	5.0
0.5194205499454575	5.0
0.5209436145622044	5.0
0.5210297255034023	5.0
0.5254602054192544	5.0
0.5270204383310645	5.0
0.5272945246695623	5.0
0.5283830008997692	5.0
0.5284687974017963	5.0
0.5306531524776519	5.0
0.5317747219994293	5.0
0.5319769672334187	5.0
0.5378657552894478	5.0
0.5379019693933632	5.0
0.541817207388885	5.0
0.5447798477656752	5.0
0.5463075306089021	5.0
0.5479701170461262	5.0
0.5479916602319086	5.0
0.5480220437909153	5.0
0.5493894607058274	5.0
0.5498228315106666	5.0
0.5498417351597857	5.0
0.5519732580296441	5.0
0.5628140707402728	5.0
0.5658048570795567	5.0
0.5690888283803682	5.0
0.5703188737424293	5.0
0.5720937788768947	5.0
0.5735857714873971	5.0
0.579026027844133	5.0
0.5790556166144558	5.0
0.579309748198918	5.0
0.5797053482947936	5.0
0.5835406942307403	5.0
0.5889381336683441	5.0
0.5924553868738169	5.0
0.606969696292913	5.0
0.6094586517749538	5.0
0.6094702162845819	5.0
0.6095984359586863	5.0
0.6107851619646971	5.0
0.6143154245457729	5.0
0.6180803715717502	5.0
0.6189160692671183	5.0
0.6194852992763074	5.0
0.6221450538652558	5.0
0.6231352729623402	5.0
0.6237042416293633	5.0
0.624023725715085	5.0
0.6331458092927598	5.0
0.6344786519647662	5.0
0.6368078001257044	5.0
0.6400899932451479	5.0
0.6419603293568195	5.0
0.6430369945814173	5.0
0.6460412275253381	5.0
0.6574235817943247	5.0
0.6601208353431027	5.0
0.6602905451960711	5.0
0.6604731157579598	5.0
0.6656951903236809	5.0
0.6662723725414683	5.0
0.6695806892670935	5.0
0.6717792559561958	5.0
0.6754594846774966	5.0
0.6768209888285478	5.0
0.6791197032193997	5.0
0.6819939236117576	5.0
0.6846513525023846	5.0
0.6864731627980017	5.0
0.6895801308410338	5.0
0.6909588558957035	5.0
0.692964342679209	5.0
0.6938165416878315	5.0
0.7012232283957349	5.0
0.7013351161615891	5.0
0.7063206106750752	5.0
0.7064098676605768	5.0
0.706950603435156	5.0
0.7161679076077409	5.0
0.7164662874050755	5.0
0.7191557893281552	5.0
0.7196115619824051	5.0
0.7197882457436053	5.0
0.7292278840578268	5.0
0.7300569034813837	5.0
0.7305647538586427	5.0
0.7384338458023665	5.0
0.7416107712159887	5.0
0.7434731149147471	5.0
0.7448038872781987	5.0
0.7458376588905238	5.0
0.7489451710454769	5.0
0.74983006490033	5.0
0.7504901404548047	5.0
0.7560826225490126	5.0
0.7607720297275198	5.0
0.7655659234328206	5.0
0.7662488258341184	5.0
0.7706912069412962	5.0
0.7741229706925362	5.0
0.7764027857834633	5.0
0.7776400757182581	5.0
0.7785828316180571	5.0
0.7792618131282991	5.0
0.7796143749987802	5.0
0.7823096476841348	5.0
0.783746439217045	5.0
0.784328023257331	5.0
0.7872330284014948	5.0
0.7877390324248588	5.0
0.7885651386517472	5.0
0.790698857143395	5.0
0.7934357812423289	5.0
0.7958027035642612	5.0
0.7981547576592734	5.0
0.7985072254482043	5.0
0.7997056431677513	5.0
0.8011749043240866	7.0
0.8032006905657804	7.0
0.8061360834795556	7.0
0.8118856184009563	7.0
0.814915215351033	7.0
0.8174361080711338	7.0
0.8176775879861806	7.0
0.819850573762512	7.0
0.8309755143092875	7.0
0.8357181336831748	7.0
0.8409006838663723	7.0
0.8466805103253462	7.0
0.8622656326831454	7.0
0.8632371117343712	7.0
0.8704139800696852	7.0
0.8731722920076719	7.0
0.8747012026403274	7.0
0.8767102601142119	7.0
0.8770663393928626	7.0
0.8798571807359323	7.0
0.8806880579051559	7.0
0.8807040001061447	7.0
0.8873103483233242	7.0
0.8873335779269481	7.0
0.8876965809446659	7.0
0.8906958620188721	7.0
0.8970201068171574	7.0
0.8984620883993214	7.0
0.9050141161667248	7.0
0.9160057304635145	7.0
0.9184975213509912	7.0
0.918897642552981	7.0
0.9191546404882905	7.0
0.9221761913283273	7.0
0.9221999316379558	7.0
0.9277814115781441	7.0
0.9313693066611085	7.0
0.9321307339450081	7.0
0.9331728216354243	7.0
0.9335882438430471	7.0
0.9443454209093709	7.0
0.9449313821455925	7.0
0.9455791976000516	7.0
0.946049336640706	7.0
0.9478180203537888	7.0
0.9491068446004435	7.0
0.9510792480327739	7.0
0.9521881097124153	7.0
0.9525254437683873	7.0
0.9533584356264523	7.0
0.9558137476603044	7.0
0.9581030352481288	7.0
0.9590111821913464	7.0
0.9648892628632455	7.0
0.9679626874846929	7.0
0.9683336691602766	7.0
0.9688689437675356	7.0
0.9726116282150061	7.0
0.9729959844319636	7.0
0.973822652111767	7.0
0.9739725476086527	7.0
0.9773483422184012	7.0
0.9796768578655609	7.0
0.9849270156356283	7.0
0.9862047717989681	7.0
0.986376598576099	7.0
0.989061744760923	7.0
0.9947998340012398	7.0
0.996840866068687	7.0
0.9998573515185896	7.0
1.0036145264423928	7.0
1.0038883241667957	7.0
1.0091965698735026	7.0
1.0101973465140863	7.0
1.013582839382237	7.0
1.0180895726771817	7.0
1.019385825446228	7.0
1.0212867303119675	7.0
1.0262715021938356	7.0
1.0288277084546427	7.0
1.0298804302059896	7.0
1.030669908526003	7.0
1.032235457083673	7.0
1.033421259663989	7.0
1.0348646895550773	7.0
1.036631006790598	7.0
1.0403714314244146	7.0
1.0543229753865837	7.0
1.0553122676310889	7.0
1.0561829715756208	7.0
1.0577623032943464	7.0
1.063249600716511	7.0
1.0688097592356498	7.0
1.0725513376188305	7.0
1.0776122523624747	7.0
1.0832131900632365	7.0
1.0836315191982124	7.0
1.0885071906123016	7.0
1.0892138713312995	7.0
1.0905048332862082	7.0
1.0942872614812953	7.0
1.096270432552151	7.0
1.0995387238363656	7.0
1.1002602755680315	7.0
1.100956056429483	7.0
1.1015926055985652	7.0
1.103062404695396	7.0
1.1074057970529725	7.0
1.1084834022014298	7.0
1.1136732237569484	7.0
1.113940922919561	7.0
1.115439029851415	7.0
1.1170471456994102	7.0
1.1212572459314358	7.0
1.121749377087161	7.0
1.1217498564642037	7.0
1.1377867678290745	7.0
1.1393860280633037	7.0
1.145071314824914	7.0
1.1577788791953045	7.0
1.1589892157045567	7.0
1.1637598538718015	7.0
1.166444236716114	7.0
1.1689488207595757	7.0
1.169918123297746	7.0
1.1708664964718847	7.0
1.170954173963755	7.0
1.1720725852723344	7.0
1.1787471225505277	7.0
1.18588247540167	7.0
1.1917696342989537	7.0
1.1922507059919518	7.0
1.1990359075980255	7.0
1.2023158480937997	7.0
1.202731894667094	7.0
1.2076060866122618	7.0
1.2131621545616935	7.0
1.2155365406527907	7.0
1.2175306577062397	7.0
1.2225209012014573	7.0
1.2271500375470807	7.0
1.2329200924405592	7.0
1.2341287506868768	7.0
1.2349468395419434	7.0
1.2362236722417244	7.0
1.2426685103267359	7.0
1.2429274212447168	7.0
1.2442595682374362	7.0
1.2465033238532714	7.0
1.2497057550032078	7.0
1.2767981676764164	7.0
1.2802764477460509	7.0
1.2814796318782586	7.0
1.2832703647149455	7.0
1.2861416447216056	7.0
1.2881170102263557	7.0
1.2953840415723814	7.0
1.3001292339364465	7.0
1.3012782542181123	7.0
1.3062951977122352	7.0
1.3071027075279884	7.0
1.3081111181215537	7.0
1.3093428713548578	7.0
1.3148287585364864	7.0
1.3177116544404752	7.0
1.3207604286588497	7.0
1.3207672696801258	7.0
1.323482935721286	7.0
1.3273525006983695	7.0
1.3306512709389395	7.0
1.3307679271201112	7.0
1.3331972346476972	7.0
1.3354490892607036	7.0
1.3375904445861704	7.0
1.3508381364126942	7.0
1.3555991320540648	7.0
1.3597254160413559	7.0
1.3604438580449865	7.0
1.3651729019573255	7.0
1.3697180599462433	7.0
1.3717239631123885	7.0
1.376473953231911	7.0
1.3765965310342771	7.0
1.3770854816715212	7.0
1.3771436854087618	7.0
1.3812180346015333	7.0
1.3850876483976846	7.0
1.3900987768470023	7.0
1.391176678691029	7.0
1.396349654757735	7.0
1.3992788700143313	7.0
1.410973949505157	7.0
1.4111881802423938	7.0
1.412854704571076	7.0
1.413015826859734	7.0
1.4139786366542682	7.0
1.414260228534568	7.0
1.4190599787031108	7.0
1.4206889261719358	7.0
1.4269230208785182	7.0
1.429780391281357	7.0
1.4333159484254105	7.0
1.433441149263055	7.0
1.4443988644881371	12.0
1.445922687676237	12.0
1.4468922517899858	12.0
1.4608129466714495	12.0
1.4644544880216446	12.0
1.4718276725933395	12.0
1.473247124053645	12.0
1.48261024773771	12.0
1.5015693690196081	12.0
1.5031601785027124	12.0
1.505070135553372	12.0
1.505523274360414	12.0
1.5089431261170103	12.0
1.5145321806211844	12.0
1.521451933227099	12.0
1.5281275068562457	12.0
1.5308522045551765	12.0
1.5331736758029262	12.0
1.5382653088278102	12.0
1.5389963796818824	12.0
1.548461886622722	12.0
1.5491094418882585	12.0
1.5501789638807086	12.0
1.5512687799265954	12.0
1.5538515872684917	12.0
1.5615381388795304	12.0
1.5647026111690359	12.0
1.5653041583150904	12.0
1.5658702183958633	12.0
1.565879673046807	12.0
1.5661708716228098	12.0
1.5674060031583879	12.0
1.5815396537905564	12.0
1.582738439225471	12.0
1.5829113490862312	12.0
1.5830799101401296	12.0
1.5836989768924212	12.0
1.591904863644251	12.0
1.5942928556213942	12.0
1.5946515861473576	12.0
1.596073178713223	12.0
1.598133924791	12.0
1.5984695725556555	12.0
1.6062099044186053	12.0
1.6119970603216185	12.0
1.6139091604443283	12.0
1.6142804289635195	12.0
1.6165355504909775	12.0
1.6211239991648638	12.0
1.6343350092908615	12.0
1.6405098466818575	12.0
1.6408008304749326	12.0
1.64642740310859	12.0
1.6506547803423024	12.0
1.6537230840524435	12.0
1.6575117630358567	12.0
1.660182858940506	12.0
1.6602843135962606	12.0
1.6645193789552233	12.0
1.6679656664651503	12.0
1.670181286419376	12.0
1.6704817336593014	12.0
1.6713468871883492	12.0
1.679300355196731	12.0
1.6830041936405453	12.0
1.6838622006283444	12.0
1.6889147196098087	12.0
1.6897641120292943	12.0
1.7005645724707958	12.0
1.701142679790533	12.0
1.70609736547984	12.0
1.7125405340060003	12.0
1.7153875118116824	12.0
1.7169317074716164	12.0
1.717761033745933	12.0
1.718567903112093	12.0
1.7287779637587959	12.0
1.730718380108211	12.0
1.7360061046871225	12.0
1.739713247157438	12.0
1.7453484831819033	12.0
1.7471276653868129	12.0
1.7511493420984225	12.0
1.7521996139263483	12.0
1.7587023676979558	12.0
1.7591178884086809	12.0
1.7608458364829631	12.0
1.7678160611312133	12.0
1.76823069539655	12.0
1.7692268622970377	12.0
1.7876162982956694	12.0
1.7893155381319474	12.0
1.7927001334507622	12.0
1.8001872435881434	12.0
1.8007082848418223	12.0
1.8110788074905626	12.0
1.8168877681289413	12.0
1.8201060649267609	12.0
1.8232291065446469	12.0
1.8244415985469902	12.0
1.8246683104703771	12.0
1.8262480382292272	12.0
1.8277049317401968	12.0
1.8301423343632715	12.0
1.8318414165410004	12.0
1.83333969536122	12.0
1.8334358860244953	12.0
1.8344657496153443	12.0
1.8430597715430195	12.0
1.8439332041338432	12.0
1.8464296399635973	12.0
1.8471082648577501	12.0
1.8491683387511255	12.0
1.8563573797019413	12.0
1.8706299438200382	12.0
1.880513949910156	12.0
1.8852869154788343	12.0
1.903470352096727	12.0
1.908686521768753	12.0
1.913419895182633	12.0
1.915343261409624	12.0
1.9171963441329396	12.0
1.9187690303204274	12.0
1.9210958555426987	12.0
1.9215737774110555	12.0
1.9229366737466795	12.0
1.925226638505348	12.0
1.9266218958269643	12.0
1.9273801419954488	12.0
1.9454457084588108	12.0
1.9457298977880408	12.0
1.945836823399666	12.0
1.9484931461625645	12.0
1.956777957571129	12.0
1.9693618656779377	12.0
1.969452354862711	12.0
1.9775018236918305	12.0
1.9798812893069715	12.0
1.9817106345719107	12.0
1.9846045599123168	12.0
1.9862868470660688	12.0
1.9888565065397459	12.0
1.9917726884657077	12.0
1.9918082760419573	12.0
1.9941056682917173	12.0
1.997723849464496	12.0
1.9990463868634145	12.0
2.0049860676646625	12.0
2.00743686360629	12.0
2.0140471161394053	12.0
2.0285284157907078	12.0
2.028755046506811	12.0
2.0299714337056334	12.0
2.0395963224645293	12.0
2.043864692630341	12.0
2.0449208008222737	12.0
2.0458388924128155	12.0
2.052886715697297	12.0
2.0533312678049134	12.0
2.0598912496590334	12.0
2.0603026986918316	12.0
2.063809328788246	12.0
2.0749043690755564	12.0
2.076220771444681	12.0
2.0805470467938743	12.0
2.0819607051718343	12.0
2.0850920041081134	12.0
2.085150676694488	12.0
2.087987801444392	12.0
2.091210434100026	12.0
2.094664363245761	12.0
2.095677166434347	12.0
2.0967916603792953	12.0
2.1006345863062172	12.0
2.1054837352355826	12.0
2.1076051421335884	12.0
2.107921955472436	12.0
2.1247411338976883	12.0
2.1258058084793263	12.0
2.1275690230558046	12.0
2.1331490905966652	12.0
2.1333414313997987	12.0
2.1342587441275587	12.0
2.1363231620524235	12.0
2.139132248774111	12.0
2.1392097172397966	12.0
2.1400510126106385	12.0
2.1429693651462074	12.0
2.1488413019618404	12.0
2.15346405793299	12.0
2.1587787851884306	12.0
2.1618674020225814	12.0
2.1669203547511806	12.0
2.167192227093618	12.0
2.170631294489743	12.0
2.1752392875171687	12.0
2.1773431287725784	12.0
2.1791303676366365	12.0
2.186657202606224	12.0
2.1867475189390246	12.0
2.1918012824329445	12.0
2.1928865104711965	12.0
2.1952736542545965	12.0
2.1983925538566886	12.0
2.2011549772238315	12.0
2.202521925909699	12.0
2.203760524581505	12.0
2.206098507055812	12.0
2.210211819444157	12.0
2.2106960530976325	12.0
2.220797348363942	12.0
2.221683638344406	12.0
2.222231970142744	12.0
2.2271566454165246	12.0
2.2293985407184915	12.0
2.234540575121789	12.0
2.241131272241072	12.0
2.245145903281797	12.0
2.269944377718366	12.0
2.2716476626237783	12.0
2.2827228802830755	12.0
2.2840316743552607	12.0
2.2849405614111054	12.0
2.285334698490538	12.0
2.2869432341478486	12.0
2.2877823471457552	12.0
2.290689324794847	12.0
2.302072672560263	12.0
2.3116875234598124	12.0
2.3127636669676113	12.0
2.315412571772281	12.0
2.315475281817106	12.0
2.3187270586276387	12.0
2.326410822769592	12.0
2.342771533663052	12.0
2.3437382013721586	13.0
2.3453141358676386	13.0
2.3555966734630545	13.0
2.3596899885490425	13.0
2.3635409228299484	13.0
2.364677756986496	13.0
2.365495586276351	13.0
2.3669434464882206	13.0
2.377359043508114	13.0
2.378013455177943	13.0
2.3796749468909066	13.0
2.381177859638932	13.0
2.382461345509023	13.0
2.3847438030478503	13.0
2.392965563846541	13.0
2.4025205210208904	13.0
2.404301926619047	13.0
2.4089459742903374	13.0
2.410509969481839	13.0
2.412178813035895	13.0
2.4124120502304907	13.0
2.4138570601429006	13.0
2.414292103542255	13.0
2.419898786603539	13.0
2.420863731597038	13.0
2.422035737028547	13.0
2.4280054669931044	13.0
2.432579486157939	13.0
2.4337356120431513	13.0
2.4355364504569863	13.0
2.437266315644199	13.0
2.4377963838448022	13.0
2.440021969605632	13.0
2.44594201963987	13.0
2.447336858660284	13.0
2.4530648097799936	13.0
2.4534448956171713	13.0
2.458064758327854	13.0
2.460082200943105	13.0
2.4655861821377587	13.0
2.4810921284111407	14.0
2.4882214110497385	14.0
2.4940073596570094	14.0
2.4963920292994928	14.0
2.5057017182782357	14.0
2.523229064236084	14.0
2.5373294037695375	14.0
2.5379631697501823	14.0
2.539598164094176	14.0
2.5438037783009535	16.0
2.558060246007135	16.0
2.561868179261988	16.0
2.5741337839551583	16.0
2.577356414044239	16.0
2.5803736309937566	16.0
2.5808347022528975	16.0
2.584549016356277	16.0
2.588220532011515	16.0
2.592592044143461	16.0
2.5944265117143557	16.0
2.5964627245208303	16.0
2.596973162074185	16.0
2.6020659136055753	16.0
2.606882439414076	16.0
2.61394370785527	16.0
2.615997324117908	16.0
2.617371681842008	16.0
2.618658251297059	16.0
2.627092521472146	17.0
2.627410181887967	17.0
2.6318579276030247	17.0
2.6344395186824223	17.0
2.6345476980871037	17.0
2.6361799824953094	17.0
2.655580764426665	17.0
2.659754600036101	17.0
2.659945550272246	17.0
2.6630225795110634	17.0
2.6651120386962868	17.0
2.6661431666547912	17.0
2.6760835007860977	17.0
2.68328924391831	17.0
2.6935650425489763	17.0
2.6973858325625044	17.0
2.6995553120261664	17.0
2.7011390332671317	17.0
2.7034423547672914	17.0
2.703574793586591	17.0
2.7084786636499945	17.0
2.7429467658690143	17.0
2.7610469454055764	17.0
2.7666500346032046	17.0
2.768630173016266	17.0
2.775867145561636	17.0
2.7762271191242616	17.0
2.7779235999051877	17.0
2.7792339638195913	17.0
2.781170224316968	17.0
2.792854106045211	17.0
2.8062381586621052	17.0
2.819283727505584	17.0
2.821561666563157	17.0
2.8233279816500425	17.0
2.8305624105189633	17.0
2.833716915580319	17.0
2.838935414039218	17.0
2.851441857731252	18.0
2.862717261364321	18.0
2.865363682610815	18.0
2.8672787824097057	18.0
2.8702301383142013	18.0
2.8708073056557044	18.0
2.873797005594259	18.0
2.879806086506371	18.0
2.8956214141353604	18.0
2.8971886013903743	18.0
2.908282838049129	18.0
2.9140730111306405	18.0
2.9227774818336743	18.0
2.9271006652045393	18.0
2.933321421040888	18.0
2.9351817817768957	18.0
2.942484572761471	18.0
2.953779095070684	18.0
2.9574670142548016	18.0
2.963007835139098	18.0
2.972080813176876	18.0
2.9733017176044934	18.0
2.9756307181842874	18.0
2.9768147235119833	18.0
2.9803810536241686	18.0
2.9837628729490753	18.0
2.9838937742176026	18.0
2.984088298722769	18.0
2.992123401747752	18.0
3.002989162373433	18.0
3.0108779057469364	18.0
3.012544297569388	18.0
3.016458550394392	18.0
3.028075470530239	18.0
3.0286218383105283	18.0
3.0356944774949817	18.0
3.038872688593716	18.0
3.0395915246158	18.0
3.0404836365891383	18.0
3.0503491775590295	18.0
3.0768018701162116	18.0
3.0773951431930806	18.0
3.080952914467343	18.0
3.0854911795817146	18.0
3.0863373338975353	18.0
3.089473703215167	18.0
3.0929603546198674	18.0
3.093322662168433	18.0
3.0970809138410504	18.0
3.1000037255637647	18.0
3.101152759648851	18.0
3.104191763630653	18.0
3.1112104312809126	18.0
3.12255159634538	18.0
3.138203723369062	18.0
3.1403903810052896	18.0
3.144174143686952	18.0
3.1724955324425537	18.0
3.182734485795855	18.0
3.1843407213404427	18.0
3.1843984805741705	18.0
3.1874668413382676	18.0
3.197285844029101	18.0
3.2134040671708637	18.0
3.2159008942672833	18.0
3.2219989143828385	18.0
3.228625148723958	18.0
3.2386553249563232	18.0
3.2525171389220073	18.0
3.2553180621629805	18.0
3.2675827155662622	18.0
3.2727120635794953	18.0
3.27378708612793	18.0
3.277748031654985	18.0
3.2816590681397395	18.0
3.282977503205921	18.0
3.287038571074155	18.0
3.288665043827422	18.0
3.3017678690730894	18.0
3.303095620502925	18.0
3.3074046286933307	18.0
3.3105355021616836	18.0
3.311666365100379	18.0
3.3168522364858872	18.0
3.324978606980591	18.0
3.3268033084265616	18.0
3.3323545017722354	18.0
3.334209565839167	18.0
3.3437767398141798	18.0
3.3606048746790473	18.0
3.3641791405413666	18.0
3.364714978146473	18.0
3.371946240826252	18.0
3.3721813697469534	18.0
3.3797458971260967	18.0
3.38151722606258	18.0
3.382380915070753	18.0
3.3873993842406103	18.0
3.3952820984817587	18.0
3.420398395000949	18.0
3.429902986590877	18.0
3.4408141036453523	18.0
3.450441488240619	18.0
3.462040841575917	18.0
3.4668811684760747	18.0
3.4745923931082947	18.0
3.4933587470481586	18.0
3.493933591207792	18.0
3.51310737746458	18.0
3.5161415288630615	18.0
3.517983551785195	18.0
3.525622526720926	18.0
3.5309845843087246	18.0
3.537818835745265	18.0
3.542922308556376	18.0
3.5451463322729753	18.0
3.550300693419718	18.0
3.559821911336252	18.0
3.568337593046107	18.0
3.5696463471976174	18.0
3.5763210772490006	18.0
3.576623782300118	18.0
3.5768857234817437	18.0
3.5772995481483023	18.0
3.580482601421326	18.0
3.5876081661342614	18.0
3.589593660918276	18.0
3.59100200201743	18.0
3.5975663685542822	18.0
3.5991525366220296	18.0
3.6041911380577236	18.0
3.6176653999939172	18.0
3.6285934524685124	18.0
3.6310203738504065	20.0
3.643154148124428	20.0
3.6458072721361336	20.0
3.6470968491894102	20.0
3.6585318790062913	20.0
3.6638034423889136	20.0
3.664989216149039	20.0
3.665874304003499	20.0
3.66652054790584	20.0
3.6757385861020864	20.0
3.67641813629506	20.0
3.6850220256958814	20.0
3.6860656562050695	20.0
3.69247971153097	20.0
3.6925873575445713	20.0
3.6964460964987995	20.0
3.6998975222870545	20.0
3.7103787250184017	20.0
3.710930082443468	20.0
3.7187676892267216	20.0
3.7195297115499923	20.0
3.7269692899562226	20.0
3.7293386005022495	20.0
3.7376872066208944	20.0
3.7508066547970174	20.0
3.7528409682179715	20.0
3.783552558582062	20.0
3.7852226479717106	20.0
3.7854697941436344	20.0
3.7876270305956554	20.0
3.796129981265642	20.0
3.8047370010007513	20.0
3.8229094485580095	20.0
3.8279532402116936	20.0
3.829473109640682	20.0
3.831069994343246	20.0
3.832514550314645	20.0
3.8381151544184555	20.0
3.839360201502237	20.0
3.84048151025803	20.0
3.845238786121682	20.0
3.849240423046112	20.0
3.8527135603715976	20.0
3.8587586607193276	23.0
3.863677293005696	23.0
3.8678961637263276	23.0
3.8708840774501905	25.0
3.876374945525799	25.0
3.8809507354369064	25.0
3.8829191409648995	25.0
3.8921941775181077	25.0
3.894271172253386	25.0
3.8946024251008007	25.0
3.9231819981191	25.0
3.9334079534605513	25.0
3.9335496523338205	25.0
3.943874400993014	25.0
3.9481311032693682	25.0
3.9503830751331805	25.0
3.9525777162179954	25.0
3.9642069057083833	25.0
3.9765967274036513	25.0
3.977087770150886	25.0
3.9834588770501633	25.0
3.9863368190424815	25.0
4.04875787743689	25.0
4.050228841526769	25.0
4.066993113066387	25.0
4.078560304457787	25.0
4.078828407718966	25.0
4.089556387476236	25.0
4.0979855325074235	25.0
4.104335377820434	25.0
4.110470030222423	25.0
4.113900513139186	25.0
4.118707183797166	25.0
4.126877624100064	25.0
4.139900372277348	25.0
4.1439073738629215	25.0
4.143966730043038	27.0
4.147760467855548	27.0
4.154898207556023	27.0
4.157315375733275	27.0
4.158892188085987	27.0
4.159698816109081	27.0
4.166088499810623	27.0
4.168694933665757	28.0
4.17087580332801	28.0
4.179735376222192	29.0
4.185737571558617	29.0
4.209540837662732	29.0
4.210340268759419	29.0
4.227286770811442	29.0
4.262624421299725	29.0
4.269749893293648	29.0
4.284698659092611	29.0
4.29491848566964	29.0
4.308717370471967	29.0
4.31526603120889	29.0
4.332570238277531	29.0
4.345507091276283	29.0
4.359520012500838	29.0
4.3610606072212645	29.0
4.37445103980038	29.0
4.3816441430245225	29.0
4.382083692150952	29.0
4.389485398053857	29.0
4.396593427545153	29.0
4.405202897539009	29.0
4.408594708912109	29.0
4.409401373933181	29.0
4.412051022602825	29.0
4.416770374981079	29.0
4.426357357769899	29.0
4.428631411344844	29.0
4.429550424823866	29.0
4.432276877251749	29.0
4.43503665016817	29.0
4.436019428295595	29.0
4.4550213196007675	29.0
4.466524939339753	29.0
4.480276388168392	29.0
4.484534578411602	29.0
4.490167457191959	29.0
4.490307602768579	29.0
4.495255851883293	29.0
4.496884191334156	29.0
4.497448097385126	29.0
4.501952353265683	29.0
4.503685089292416	29.0
4.510365694259971	29.0
4.513155433759693	29.0
4.525220977641984	29.0
4.543912748367844	29.0
4.545195577361165	29.0
4.546013199669167	29.0
4.546499255116454	29.0
4.554523045463818	29.0
4.55564218880067	29.0
4.574077663387828	29.0
4.585121588339243	29.0
4.5930955911274385	29.0
4.594548520707193	29.0
4.595906367823323	29.0
4.599603173882903	29.0
4.599610183495118	29.0
4.605131772552127	29.0
4.6097128080258445	29.0
4.614671106251848	29.0
4.615265224986253	29.0
4.617984545875287	29.0
4.643776921368796	29.0
4.645715567157651	29.0
4.660176725806368	29.0
4.666526166873095	29.0
4.669756481923205	29.0
4.673234147964806	29.0
4.677264517490546	29.0
4.679619715939225	29.0
4.682837621597257	29.0
4.712537872072066	29.0
4.712770405654099	29.0
4.7680113231496675	29.0
4.768629299856505	29.0
4.771950716961742	29.0
4.7741352819434075	29.0
4.786734764123048	29.0
4.78743962049799	29.0
4.801165199351997	29.0
4.8042211486026885	29.0
4.826040469243533	29.0
4.829866863857076	29.0
4.832319815401772	29.0
4.8365890534516245	29.0
4.837076865542372	29.0
4.837135489715506	29.0
4.8481868377132145	29.0
4.8504990046884675	29.0
4.857479432922621	29.0
4.883492709704763	29.0
4.900527027560119	29.0
4.907476367385671	29.0
4.919781925743465	29.0
4.920534613151747	29.0
4.924856713743336	29.0
4.939515020813806	29.0
4.95025752077376	29.0
4.953278627015575	29.0
4.960481275229847	29.0
4.970487610338781	29.0
4.9789599306181245	29.0
4.9876810694022335	29.0
4.98899884898253	29.0
4.990369561047542	29.0
4.992551137250732	29.0
5.002360918106851	29.0
5.023343810672575	29.0
5.027024345434169	29.0
5.044099463430784	29.0
5.045762290470087	32.0
5.048346567929855	32.0
5.049682547829554	32.0
5.052743678225509	32.0
5.060192765589077	32.0
5.065911841199441	32.0
5.067142945576768	32.0
5.070561113099388	32.0
5.0784467145646435	32.0
5.080142005344337	32.0
5.092053030872055	32.0
5.098601926212529	32.0
5.101946396314777	32.0
5.104787475981655	32.0
5.106424772153768	32.0
5.126829366981105	32.0
5.127816450646643	32.0
5.130322666931975	32.0
5.149655000743333	32.0
5.151227853311592	32.0
5.161743610027831	32.0
5.167693416380347	32.0
5.179098901415998	32.0
5.187843990567064	32.0
5.2066934537076035	32.0
5.206972515897228	32.0
5.219662824555937	32.0
5.220386012989263	32.0
5.222227570350772	32.0
5.231179303524912	32.0
5.244366062914277	32.0
5.260654429666673	32.0
5.277180236822519	32.0
5.279286454439492	32.0
5.286366162559751	32.0
5.303513045184672	32.0
5.310955092089895	32.0
5.317755023048368	32.0
5.343474412163319	32.0
5.346673060570078	32.0
5.350298853354964	53.0
5.358318013595934	53.0
5.3784599524606405	53.0
5.380930551486895	53.0
5.390693953858523	53.0
5.391956254272639	53.0
5.3995194319534985	53.0
5.402748799800044	53.0
5.404903291109976	53.0
5.422765908595653	53.0
5.438727348160133	53.0
5.4408716786116065	53.0
5.4472279246213775	53.0
5.456840798496171	53.0
5.459759061287485	53.0
5.461883022050108	53.0
5.476051581119703	53.0
5.48006406639127	53.0
5.4910129364647595	53.0
5.49107837903391	53.0
5.492719211080154	53.0
5.503348404485392	53.0
5.509731656250651	53.0
5.535724428576363	53.0
5.537267651979484	53.0
5.548419374654057	53.0
5.569629055577204	54.0
5.57580749792766	54.0
5.584902775411013	54.0
5.594976405895255	54.0
5.598584406815255	54.0
5.604325242734944	54.0
5.608231595750355	54.0
5.608554120561362	54.0
5.628345711500408	54.0
5.629401887515456	54.0
5.634910004406497	54.0
5.636275986477459	54.0
5.638326047332355	54.0
5.654285585872406	54.0
5.657057526872989	54.0
5.668078524071244	54.0
5.681431528354132	54.0
5.694412013152104	54.0
5.7061315974622575	54.0
5.716255954136502	54.0
5.717163843365481	54.0
5.720632286171784	54.0
5.723017017080943	57.0
5.7374346166426085	57.0
5.739522863833444	59.0
5.750095708499262	59.0
5.7567039137640466	59.0
5.777227985494472	59.0
5.779460347790446	59.0
5.784617204660937	59.0
5.788822634060684	59.0
5.788902798781054	59.0
5.7939454721275565	59.0
5.794102376614456	59.0
5.794659586686055	59.0
5.818520769652145	59.0
5.856136142668309	59.0
5.879130295539815	59.0
5.880810221906902	59.0
5.896820345800293	59.0
5.899445333989973	59.0
5.931321101239539	59.0
5.955911178269849	59.0
5.9703820808730494	59.0
5.9742684673759365	59.0
5.976280020205413	59.0
5.98268631336943	59.0
5.994213826257048	59.0
6.0065540774595725	59.0
6.014559497377534	59.0
6.027488269026296	59.0
6.028063248381875	59.0
6.056605327279641	59.0
6.096340696046484	59.0
6.096878024690105	59.0
6.111388387039591	59.0
6.111448800715192	59.0
6.138541825106273	59.0
6.156094220920661	59.0
6.156549933943597	59.0
6.176305330569359	59.0
6.1820637116683645	59.0
6.210695863217626	59.0
6.253258579467678	59.0
6.29391837121621	59.0
6.299556186897591	59.0
6.301210877336299	59.0
6.318954886635993	59.0
6.330359378833369	59.0
6.331824097213204	59.0
6.351605175922207	59.0
6.357090770959059	59.0
6.3658466222990295	59.0
6.395380081998721	59.0
6.411335703709043	59.0
6.412266452935789	59.0
6.412390787279439	59.0
6.419783710224112	59.0
6.432750240227341	59.0
6.4380206885657145	59.0
6.456722914847177	59.0
6.460115491444068	59.0
6.491004981760245	59.0
6.506126880694715	59.0
6.53211701585968	59.0
6.538954978888131	59.0
6.55934728603824	59.0
6.564504622751785	59.0
6.581395274220298	59.0
6.585835024395026	59.0
6.593070324852467	59.0
6.613531210296379	59.0
6.634686065456978	59.0
6.637893761466419	59.0
6.640667700519041	59.0
6.6505590847575755	59.0
6.654274714885761	59.0
6.672433435311783	59.0
6.6793059165464514	59.0
6.681665756430441	59.0
6.6880999085884145	59.0
6.692561826275969	59.0
6.7012896698896665	59.0
6.7266922573666195	59.0
6.728192285233002	59.0
6.765441849334372	59.0
6.794712836175829	59.0
6.803035976036461	59.0
6.818213839874507	95.0
6.8213161582895525	95.0
6.854968911576364	95.0
6.863663900495212	95.0
6.872384451489152	95.0
6.89905576425547	95.0
6.9118929954359665	95.0
6.916250450253496	95.0
6.916944292361885	95.0
6.917497659517045	95.0
6.936880032686379	95.0
6.991729577130737	95.0
6.998332054346239	95.0
7.000746734474243	95.0
7.002325959250397	95.0
7.003238428637485	96.0
7.0057436827210555	96.0
7.024038760866397	96.0
7.030368334636567	96.0
7.03085009368652	96.0
7.035171348101042	96.0
7.037268699989348	96.0
7.051643574048103	96.0
7.0775790920948225	96.0
7.078342448122156	98.0
7.127459281471958	98.0
7.140065673505414	98.0
7.155168222103422	98.0
7.189944426722159	98.0
7.2279920390966605	98.0
7.235911332875311	98.0
7.246958043094764	98.0
7.2508269936961955	98.0
7.260711314133447	98.0
7.276462947203651	98.0
7.277754086829059	98.0
7.298557384627462	98.0
7.302597731288103	127.0
7.306091368723616	127.0
7.322761760234951	127.0
7.344656675207206	127.0
7.347374535735938	127.0
7.366656670255271	127.0
7.40337517162178	127.0
7.4156278975592915	127.0
7.448614108596624	127.0
7.458366272144369	127.0
7.4617022657798815	138.0
7.462793800489543	138.0
7.470250400681622	138.0
7.484322472451641	139.0
7.486888015247671	139.0
7.503379335811761	139.0
7.505292284400891	139.0
7.512541503651292	139.0
7.521118531333246	139.0
7.533992552408307	139.0
7.540099541906954	139.0
7.546761815775362	139.0
7.547646393070963	139.0
7.5546408766650615	139.0
7.570415936418403	143.0
7.5825259455414855	143.0
7.594066464731375	143.0
7.598156563115198	143.0
7.6020615785901375	143.0
7.638686005571466	143.0
7.641241228969088	143.0
7.644305151969918	143.0
7.655307174615234	143.0
7.672850629271947	143.0
7.711568332381914	143.0
7.7456781789805484	143.0
7.753909713958599	143.0
7.75942389623109	143.0
7.777352679796511	143.0
7.796941531576531	143.0
7.83304187983219	143.0
7.836764011320719	143.0
7.840292500836926	143.0
7.847862065324656	143.0
7.85081685093224	143.0
7.897011579748151	143.0
7.906842121119503	143.0
7.92082148365191	150.0
7.935313710942396	150.0
7.937550712801258	150.0
7.938436041846471	150.0
7.939123979392085	168.0
7.942379315350521	168.0
8.009449550229744	168.0
8.025060645001206	168.0
8.03112911917008	168.0
8.071490684941363	168.0
8.079420836903104	168.0
8.087593823031742	168.0
8.149530744683616	168.0
8.172488011379466	168.0
8.184140315885012	168.0
8.185094418651289	168.0
8.187557846069746	168.0
8.200954022514921	168.0
8.20385859617523	168.0
8.237190668912062	168.0
8.238985432030178	168.0
8.258427900365156	168.0
8.265115345292376	168.0
8.272346163477179	168.0
8.278197942062084	168.0
8.281056699256094	240.0
8.284734618716515	240.0
8.289904654142756	241.0
8.290242137545256	241.0
8.315499717287047	241.0
8.376741916277123	241.0
8.398371334383432	241.0
8.423574974418079	241.0
8.434168530785916	243.0
8.434830973604308	243.0
8.43674322886343	290.0
8.458952935159568	290.0
8.472649509211966	290.0
8.477805834571836	291.0
8.485036597470216	292.0
8.489293553771153	292.0
8.507071041216602	292.0
8.512635104406865	311.0
8.529206227388508	311.0
8.542811972514285	311.0
8.553121008742574	311.0
8.57577808450487	311.0
8.603733242327102	311.0
8.629011436270643	315.0
8.643413949170368	315.0
8.659772200102298	315.0
8.660795736237322	315.0
8.663330290582847	320.0
8.677670726517734	324.0
8.679610767552527	324.0
8.717407621168999	324.0
8.743906073113385	324.0
8.751588332767563	324.0
8.78959749691822	326.0
8.810638959526003	326.0
8.82080969261398	326.0
8.824604021835473	326.0
8.849822823387886	326.0
8.85127217600639	329.0
8.85682602192797	329.0
8.869629442913917	329.0
8.909429056047657	329.0
8.94373389040933	329.0
8.975847628322986	329.0
8.998308677179129	329.0
9.00074004641165	385.0
9.00137375042605	385.0
9.003061040597538	389.0
9.031264445214893	389.0
9.042306171584645	389.0
9.0453118125687	389.0
9.06999297274353	389.0
9.099802098654255	389.0
9.10621391936345	389.0
9.108137808325209	389.0
9.125946081641661	391.0
9.150580268086877	391.0
9.177158672454508	392.0
9.193874588847534	392.0
9.216450839352447	392.0
9.22670546277214	392.0
9.242024328058758	395.0
9.257813888862659	395.0
9.258488430849853	395.0
9.265969351989982	395.0
9.284087587269857	395.0
9.292610458270698	398.0
9.295851222336607	398.0
9.325968779342316	398.0
9.340454244478131	398.0
9.347230076387298	398.0
9.351213285335136	399.0
9.3667122076526	406.0
9.389260963914426	406.0
9.393615070494304	406.0
9.395123860653168	406.0
9.411879469501287	406.0
9.432537807397857	406.0
9.452474366178174	406.0
9.466141843796489	406.0
9.471749143181949	406.0
9.48229433797487	406.0
9.506844367418381	408.0
9.526115501840232	408.0
9.566682782818924	424.0
9.570516785468513	424.0
9.629455714651256	428.0
9.639691400978338	428.0
9.644069389899435	435.0
9.653423213271223	435.0
9.663207657396061	435.0
9.675290704867974	435.0
9.694693062396622	437.0
9.741761780567733	480.0
9.789898451121728	481.0
9.809302463200066	481.0
9.827917781668274	481.0
9.85357741939594	481.0
9.888669013616447	481.0
9.89742511521285	491.0
9.969336984911383	509.0
10.019404556560769	516.0
10.04030074086198	516.0
10.045612348864452	529.0
10.098924006714476	529.0
10.099830931086244	539.0
10.133936409518467	539.0
10.137722402937456	540.0
10.182313735956667	652.0
10.198767477205493	652.0
10.235809997567378	652.0
10.245797693045725	656.0
10.298450609814498	656.0
10.322767296621173	657.0
10.381287770199037	705.0
10.428661121096914	705.0
10.435867697787373	706.0
10.438608034316767	706.0
10.441912698587325	709.0
10.46916228936185	834.0
10.475480143339784	834.0
10.47809403725113	845.0
10.481831571761594	845.0
10.507967097061245	889.0
10.538984813508566	889.0
10.559426303532362	889.0
10.59402828172217	890.0
10.613875718864122	890.0
10.618664897800835	899.0
10.634817674797903	900.0
10.64308537041218	900.0
10.668044550171818	902.0
10.669465557320585	902.0
10.68697826555836	902.0
10.700213210043586	905.0
10.768714969230071	905.0
10.812202425687161	927.0
10.825929687489598	927.0
10.84534048819896	929.0
10.853375543665447	929.0
10.871751978501488	931.0
10.876383595607374	948.0
10.918865077611438	949.0
10.945738755874544	950.0
10.979817302569604	953.0
11.04855372055702	953.0
11.060523910884326	954.0
11.08284927414006	961.0
11.098070469134043	961.0
11.104563156984812	962.0
11.105063377689708	962.0
11.11761279926255	962.0
11.14080556298578	968.0
11.185942366662193	968.0
11.1954041739779	968.0
11.208872332465848	1018.0
11.246674426338158	1018.0
11.274199063948595	1019.0
11.331525377785946	1051.0
11.364885345402895	1052.0
11.367397838384658	1053.0
11.414374236091444	1056.0
11.428645550822859	1064.0
11.478553576255743	1065.0
11.494173315259795	1066.0
11.528927637524426	1066.0
11.591308105634878	1069.0
11.630803352156946	1070.0
11.63873503040948	1071.0
11.657111589897596	1073.0
11.670143524913195	1076.0
11.790854004407505	1076.0
11.821667810351432	1078.0
11.837373900582627	1079.0
11.840820093452042	1079.0
11.849274246340935	1081.0
11.852773612799398	1082.0
11.87717184822156	1082.0
11.925725270367389	1082.0
11.95814031785257	1083.0
12.040580743328913	1103.0
12.051949802614898	1105.0
12.071802872886117	1105.0
12.091717104530957	1106.0
12.100059223186571	1107.0
12.147107541346694	1108.0
12.156504183182523	1124.0
12.165284358987764	1127.0
12.198853147066767	1127.0
12.287051198873948	1128.0
12.308615969742196	1132.0
12.311803399444617	1139.0
12.327464491291018	1143.0
12.348220318209101	1144.0
12.398241177406446	1161.0
12.422919665682295	1161.0
12.42816411567551	1162.0
12.443598205063353	1164.0
12.573168963067788	1168.0
12.588269734757038	1168.0
12.598201604074696	1168.0
12.60866231666224	1168.0
12.621270596121075	1170.0
12.632597594687926	1170.0
12.633302581962818	1176.0
12.678812409547168	1176.0
12.686740488300606	1177.0
12.694840083671307	1177.0
12.699569846935557	1177.0
12.759960302482817	1191.0
12.821950592459563	1191.0
12.85474786409002	1191.0
12.873561410521244	1191.0
12.8778739625827	1191.0
12.906432429995242	1193.0
12.916582305259666	1198.0
12.947352410903473	1206.0
12.948548968265037	1207.0
12.948563018834628	1207.0
12.9977581884359	1207.0
13.064640929819605	1207.0
13.08047526705659	1210.0
13.120195034921132	1214.0
13.152340673870228	1214.0
13.171371711501651	1215.0
13.174599450352	1215.0
13.181517793496534	1216.0
13.277207938297263	1216.0
13.346519595753785	1216.0
13.413445553673478	1218.0
13.572449456427188	1218.0
13.595710039036431	1220.0
13.663073363746706	1228.0
13.739133454885302	1228.0
13.760686972599371	1228.0
13.762428066502782	1228.0
13.76799254500363	1249.0
13.771981153836077	1250.0
13.836368414635126	1251.0
13.848102807941167	1251.0
13.86826963956395	1251.0
13.881589930984216	1251.0
13.903133407521468	1251.0
14.004534944063776	1259.0
14.098126116260193	1259.0
14.285659620800205	1259.0
14.318722545421359	1259.0
14.353371296278363	1266.0
14.390353657254165	1266.0
14.395468926629032	1367.0
14.411789781866156	1371.0
14.423996182106661	1371.0
14.467755590210864	1372.0
14.487831331864784	1372.0
14.55046474376606	1445.0
14.568547878868255	1450.0
14.585055594062977	1451.0
14.610664545490629	1455.0
14.698325319872243	1455.0
14.737559559392729	1455.0
14.780453976876593	1455.0
14.841603938545738	1460.0
14.93773399692853	1461.0
15.042700907118567	1463.0
15.056214921270591	1473.0
15.096310919219794	1474.0
15.104347923482202	1481.0
15.143940673083756	1482.0
15.169061946590602	1488.0
15.205853210968167	1501.0
15.21657362730507	1501.0
15.230023087161037	1505.0
15.307182850413318	1514.0
15.320925322840605	1516.0
15.335148635332304	1519.0
15.344645613941386	1525.0
15.387198863901421	1527.0
15.391452652911065	1528.0
15.474014686745557	1528.0
15.505376033800417	1529.0
15.509239078185942	1531.0
15.52871407031717	1532.0
15.561702301228253	1532.0
15.653694238847448	1532.0
15.759972298283737	1543.0
15.82906104292625	1552.0
15.850942268528412	1553.0
15.892957710482342	1557.0
15.993299970037592	1557.0
16.092501052394905	1560.0
16.141521054748658	1562.0
16.150077282235284	1564.0
16.164518134039156	1566.0
16.17464223510837	1567.0
16.22079604683926	1568.0
16.27486895157142	1572.0
16.30726196350637	1572.0
16.325412300405542	1573.0
16.33235767753961	1577.0
16.4289565994196	1578.0
16.47381150864235	1579.0
16.566506128869673	1581.0
16.639911612212163	1583.0
16.692794720000684	1585.0
16.807703809275296	1587.0
16.831497676825812	1589.0
17.060286750002888	1589.0
17.085304436009636	1591.0
17.18640130189578	1591.0
17.20599825392486	1592.0
17.35458259886114	1595.0
17.374292574781904	1597.0
17.47466012443129	1599.0
17.478514280907714	1600.0
17.581777208659016	1602.0
17.654079042201438	1606.0
17.685083020709975	1606.0
17.719968271364728	1607.0
17.734456038294503	1608.0
17.833651408127594	1609.0
17.93198021637711	1609.0
17.99583316052296	1613.0
17.998321493117352	1618.0
18.021232426975313	1622.0
18.095953199155694	1623.0
18.136984005853307	1624.0
18.160641243694656	1626.0
18.178063073011252	1627.0
18.184250253164304	1629.0
18.42441316135982	1630.0
18.43634391865245	1630.0
18.555648661885744	1632.0
18.710574101120642	1633.0
18.727796152209287	1634.0
18.744398490131022	1636.0
18.88306309312863	1637.0
19.171408700662038	1645.0
19.206143911168695	1645.0
19.27178675043232	1653.0
19.28362239606647	1654.0
19.34029854515477	1656.0
19.345816371455324	1659.0
19.3966250034235	1662.0
19.55843048334198	1666.0
19.65516340312393	1670.0
19.68614736708838	1674.0
19.737629778804177	1685.0
19.75183686324625	1690.0
19.796920262270337	1692.0
20.302767230616354	1692.0
20.638867700558986	1692.0
20.691629375554825	1694.0
20.809466874899403	1695.0
20.921552259540064	1697.0
20.970694747770416	1698.0
20.976476588776737	1700.0
21.101358366645762	1704.0
21.244658325543384	1705.0
21.482635690538352	1707.0
21.550140631637568	1709.0
21.723750150977946	1709.0
21.762907539853384	1710.0
21.77049268162401	1716.0
21.82958406696587	1716.0
21.961772420383664	1719.0
21.97914513454546	1720.0
22.36395793300779	1721.0
22.36880496622186	1730.0
22.407661369369936	1731.0
22.436009211951408	1733.0
22.672553720648736	1748.0
22.731439733484248	1756.0
22.790607039076825	1759.0
22.9520307357893	1760.0
22.977146669974598	1761.0
23.420292115157185	1762.0
23.620756927094018	1763.0
23.699382368679455	1765.0
23.710005217771112	1769.0
23.969425586468027	1771.0
24.485221771582246	1772.0
24.642609614700525	1774.0
24.716411849974975	1776.0
24.928440200090666	1779.0
25.106514152048327	1780.0
25.316194265514085	1782.0
25.485898794546983	1787.0
25.698709078461548	1788.0
25.70093913323543	1789.0
26.017878176406242	1792.0
26.085188661140812	1793.0
26.423233826582933	1797.0
26.480100320876648	1800.0
26.515427477961488	1806.0
26.584149448570333	1807.0
26.61770216295509	1808.0
26.87349328009641	1809.0
27.18026345498193	1810.0
27.518829157339493	1811.0
27.54633818213788	1812.0
27.826539301791968	1813.0
27.862127207937835	1814.0
28.062825440141992	1816.0
28.12312783707056	1819.0
28.237982144140545	1822.0
28.254440414944206	1823.0
28.585580755284962	1826.0
28.61596682882229	1829.0
28.635423770113395	1830.0
28.849257114144212	1831.0
28.993816911504194	1832.0
29.1762609415469	1834.0
29.24764430897584	1835.0
29.420587299807277	1836.0
29.631727983564723	1838.0
29.632243489191847	1842.0
29.9653457910882	1844.0
30.366158516738505	1848.0
30.4468142675444	1859.0
31.490630246650102	1860.0
31.498262234782807	1861.0
31.72385533687906	1862.0
31.75419052233002	1863.0
31.934097973535827	1864.0
32.66469343053482	1868.0
32.9262848827004	1873.0
33.26205108306125	1874.0
33.2744535334434	1881.0
33.31872159636556	1882.0
33.407865356103116	1883.0
34.12082894503647	1884.0
34.1384292643321	1885.0
34.1937419410641	1886.0
35.43514489930952	1887.0
35.438666341942536	1890.0
36.42885795804126	1892.0
37.96935771781131	1895.0
38.16591775212447	1897.0
38.374066829477485	1900.0
38.465725014512614	1902.0
38.52237041522769	1903.0
38.53549851774068	1906.0
38.89608893811388	1907.0
39.154762933820095	1914.0
39.2589334325989	1918.0
39.605831462943485	1920.0
42.44880154891132	1920.0
42.60230098740487	1921.0
42.62333708183191	1924.0
42.76983467095521	1925.0
43.23476987253684	1927.0
43.390328671000866	1928.0
43.78489732950494	1929.0
44.06337446591835	1931.0
45.278012913570294	1932.0
45.36196414186774	1934.0
45.53248699006334	1936.0
46.01062445194508	1940.0
46.60036778306065	1942.0
48.456422523815746	1944.0
48.57233815317956	1945.0
49.89434548146057	1947.0
51.65506823298102	1948.0
52.2703213259392	1949.0
53.69704374689562	1950.0
55.825155991927325	1951.0
57.42001936716807	1952.0
57.98742135421112	1953.0
58.44527730041908	1954.0
60.138877306534624	1955.0
60.152685271451006	1961.0
60.7210567380471	1962.0
62.856878676672316	1964.0
63.45405195841241	1968.0
64.4457857977208	1969.0
66.30271333942731	1970.0
67.6130402373825	1971.0
78.34996076579914	1972.0
86.6700953585852	1973.0
88.36038811979869	1974.0
96.09597644847256	1976.0
97.37111034482642	1978.0
98.12499316674263	1979.0
117.25549394269075	1980.0
121.72319377654738	1982.0
131.9554252300104	1983.0
