0.0026440188101417537
0.005796025805126757
0.010478779821393685
0.010491949242866892
0.013503626339778403
0.017732310658303555
0.020065979325371425
0.024433175874129763
0.024772426750958244
0.026800062896750413
0.02890009821754733
0.03104968555179546
0.03247213276304059
0.034334870237130735
0.0382703233403281
0.03993665769849228
0.048808767724142055
0.05045029798561784
0.053466929346772815
0.05491509228370617
0.05889214244758761
0.06080099749465997
0.06200888533209993
0.06536416829672062
0.06575591591119312
0.06603540759900094
0.06721627817572737
0.06775087983038998
0.0690737266609354
0.07106849210729585
0.07266859885114248
0.0729599430856575
0.0732215299122769
0.07581821532003324
0.07663004793771534
0.07758568190129496
0.08914063788596963
0.09173968368159974
0.09295179150317753
0.0935180544869017
0.09468465350952422
0.09535211289565783
0.0969622638409352
0.09806956384342766
0.09827524004999859
0.10643335014682438
0.1117990185393866
0.11221799075935698
0.11297842888182749
0.11348168771657138
0.1155178762005335
0.11673003693727098
0.12007008055317124
0.120655656079116
0.12081864649285243
0.12096418663201891
0.12556784536976912
0.12658916675530762
0.12932440438183074
0.12955878978112442
0.12963805499315784
0.13055767769036267
0.13093852132419082
0.13223350541517137
0.14441939884237784
0.1451423712940357
0.1459931027177478
0.15026657285500056
0.15083901310442024
0.15146694634983227
0.15193793298569813
0.15344704458159267
0.15803553404286674
0.1580814323907062
0.1581424415819931
0.15987424154034366
0.16349473836615894
0.1658226115307575
0.16809060333010817
0.1716609617778863
0.17409252925091864
0.17655318814053475
0.17730600605469932
0.1783556509181968
0.18232836302477712
0.183465656314235
0.18832652884320522
0.19390048782484384
0.1962607968588422
0.19711804415873355
0.19919764868512888
0.20227202761777677
0.20292248996528858
0.2058637299030944
0.2083196519238661
0.21147170192858833
0.21392270048990367
0.2155381836044166
0.2167345464843916
0.21752641243329676
0.2191162776517326
0.21935553380522418
0.22200922543676224
0.22415766683518265
0.2242948913961494
0.2246877492340163
0.2249876450102971
0.22779973047515445
0.23000062697904008
0.23176959432783728
0.2326178441950238
0.23448443089949758
0.23454879629975323
0.23769241174992456
0.23920973157695055
0.2398248080821894
0.24650149212391936
0.2528392865878252
0.2541335967542853
0.2548549873788406
0.2555222630458633
0.25580636743785123
0.26010060562360066
0.2601531665047482
0.2608010614144933
0.2627918201771861
0.26300854070855473
0.2633431704424423
0.2649736109132127
0.26994917798907286
0.28064796291070915
0.28575904265853835
0.28583831615994615
0.28813095362110885
0.2886041015341683
0.28912762888067084
0.29121637630834446
0.30129480121150953
0.30278932629086447
0.30534484556195823
0.3063571899158582
0.30768532629326617
0.30963377596966346
0.3104626175514381
0.310771609566602
0.3116474436964204
0.3167558349185097
0.31692420072655936
0.31787126306460367
0.3206806636959272
0.3229485287045544
0.32893293714272714
0.3301775665430809
0.33218696913643225
0.3324192705344623
0.3327858739603344
0.3355489772063771
0.3361010705011103
0.34895045702770233
0.35111469340678964
0.35496875070550565
0.35628997518530303
0.3571410836969612
0.35830708099006464
0.35849416233431114
0.36005869609000335
0.36414715510756457
0.3641506774790082
0.365939230448728
0.3666524407886325
0.368371118161675
0.3704021662842292
0.3723552132147629
0.37336611995188745
0.37683163793722213
0.37766842577698995
0.38332970964699464
0.3841997425102723
0.3862864461126921
0.3866177493975718
0.3919538631675421
0.3925907052604167
0.3936493735669048
0.40036825363269424
0.40208601670673627
0.40590526205676464
0.40789784497383696
0.40995150618524473
0.41144930810061564
0.417431032902903
0.4199998657179626
0.4206735139139463
0.4246446871749212
0.4314673132990049
0.4319220827279133
0.43322028546653996
0.4354308196066939
0.4354769776563777
0.43848475246328716
0.4401758892044082
0.4424590955912648
0.44479779543324094
0.4521677311712941
0.4528086250013066
0.45930499642016703
0.4600362648131556
0.4601651937740837
0.4645938606734249
0.4651828335788913
0.46560851213079646
0.4677813605430272
0.4686736834032733
0.4716714209858346
0.472274599865316
0.473825612963788
0.47451252134057204
0.4771883859452113
0.47978486427030803
0.48341130134836663
0.48356164156834397
0.49021767192592575
0.4985618600944009
0.5009892212121909
0.5044462325004525
0.5096708305617937
0.5138464152336626
0.51492414729095
0.5152399109140394
0.5168836227046375
0.5192473032068076
0.5194205499454575
0.5209436145622044
0.5210297255034023
0.5254602054192545
0.5270204383310645
0.5272945246695623
0.5283830008997692
0.5284687974017963
0.5306531524776519
0.5317747219994293
0.5319769672334187
0.5378657552894478
0.5379019693933632
0.541817207388885
0.5447798477656752
0.5463075306089021
0.5479701170461261
0.5479916602319087
0.5480220437909153
0.5493894607058274
0.5498228315106666
0.5498417351597857
0.5519732580296441
0.5628140707402728
0.5658048570795567
0.5690888283803682
0.5703188737424293
0.5720937788768947
0.5735857714873971
0.579026027844133
0.5790556166144558
0.5793097481989181
0.5797053482947936
0.5835406942307403
0.5889381336683441
0.5924553868738169
0.606969696292913
0.6094586517749538
0.6094702162845819
0.6095984359586863
0.6107851619646971
0.6143154245457728
0.6180803715717502
0.6189160692671183
0.6194852992763075
0.6221450538652558
0.6231352729623402
0.6237042416293633
0.624023725715085
0.6331458092927598
0.6344786519647662
0.6368078001257045
0.6400899932451479
0.6419603293568195
0.6430369945814173
0.6460412275253381
0.6574235817943246
0.6601208353431027
0.6602905451960711
0.6604731157579598
0.6656951903236809
0.6662723725414683
0.6695806892670936
0.6717792559561958
0.6754594846774965
0.6768209888285479
0.6791197032193997
0.6819939236117576
0.6846513525023845
0.6864731627980017
0.6895801308410338
0.6909588558957036
0.6929643426792091
0.6938165416878315
0.7012232283957348
0.7013351161615891
0.7063206106750752
0.7064098676605769
0.706950603435156
0.7161679076077409
0.7164662874050755
0.7191557893281552
0.719611561982405
0.7197882457436053
0.7292278840578268
0.7300569034813837
0.7305647538586427
0.7384338458023664
0.7416107712159887
0.7434731149147471
0.7448038872781988
0.7458376588905238
0.748945171045477
0.74983006490033
0.7504901404548048
0.7560826225490126
0.7607720297275199
0.7655659234328205
0.7662488258341185
0.7706912069412961
0.7741229706925363
0.7764027857834633
0.7776400757182581
0.7785828316180572
0.7792618131282991
0.7796143749987803
0.7823096476841348
0.783746439217045
0.7843280232573309
0.7872330284014949
0.7877390324248587
0.788565138651747
0.790698857143395
0.793435781242329
0.7958027035642613
0.7981547576592734
0.7985072254482043
0.7997056431677513
0.8011749043240866
0.8032006905657804
0.8061360834795556
0.8118856184009563
0.8149152153510331
0.8174361080711338
0.8176775879861806
0.8198505737625119
0.8309755143092876
0.8357181336831748
0.8409006838663724
0.8466805103253463
0.8622656326831454
0.8632371117343712
0.8704139800696852
0.8731722920076719
0.8747012026403275
0.8767102601142119
0.8770663393928626
0.8798571807359323
0.880688057905156
0.8807040001061446
0.8873103483233242
0.8873335779269481
0.8876965809446659
0.8906958620188721
0.8970201068171574
0.8984620883993215
0.9050141161667248
0.9160057304635145
0.9184975213509912
0.9188976425529811
0.9191546404882905
0.9221761913283273
0.9221999316379558
0.9277814115781441
0.9313693066611084
0.9321307339450081
0.9331728216354243
0.9335882438430471
0.9443454209093708
0.9449313821455925
0.9455791976000516
0.9460493366407061
0.9478180203537887
0.9491068446004435
0.9510792480327739
0.9521881097124152
0.9525254437683874
0.9533584356264524
0.9558137476603044
0.9581030352481288
0.9590111821913464
0.9648892628632455
0.9679626874846928
0.9683336691602766
0.9688689437675356
0.9726116282150062
0.9729959844319634
0.973822652111767
0.9739725476086527
0.9773483422184011
0.9796768578655609
0.9849270156356283
0.9862047717989681
0.9863765985760989
0.989061744760923
0.9947998340012398
0.996840866068687
0.9998573515185896
1.0036145264423928
1.0038883241667957
1.0091965698735028
1.0101973465140863
1.013582839382237
1.0180895726771817
1.0193858254462282
1.0212867303119675
1.0262715021938356
1.0288277084546424
1.0298804302059896
1.030669908526003
1.032235457083673
1.033421259663989
1.0348646895550773
1.036631006790598
1.0403714314244146
1.0543229753865837
1.0553122676310889
1.0561829715756208
1.0577623032943464
1.063249600716511
1.0688097592356498
1.0725513376188305
1.0776122523624747
1.0832131900632367
1.0836315191982124
1.0885071906123016
1.0892138713312995
1.0905048332862082
1.0942872614812953
1.096270432552151
1.0995387238363656
1.1002602755680315
1.100956056429483
1.1015926055985652
1.103062404695396
1.1074057970529725
1.1084834022014298
1.1136732237569484
1.113940922919561
1.1154390298514147
1.1170471456994102
1.121257245931436
1.121749377087161
1.1217498564642037
1.1377867678290745
1.1393860280633037
1.145071314824914
1.1577788791953045
1.1589892157045567
1.1637598538718013
1.1664442367161139
1.168948820759576
1.169918123297746
1.1708664964718847
1.170954173963755
1.1720725852723346
1.1787471225505277
1.1858824754016701
1.1917696342989537
1.1922507059919518
1.1990359075980255
1.2023158480937999
1.202731894667094
1.2076060866122618
1.2131621545616935
1.215536540652791
1.2175306577062397
1.2225209012014575
1.2271500375470807
1.2329200924405594
1.2341287506868768
1.2349468395419434
1.2362236722417244
1.2426685103267359
1.2429274212447166
1.2442595682374362
1.2465033238532714
1.2497057550032078
1.2767981676764164
1.2802764477460506
1.2814796318782589
1.2832703647149455
1.2861416447216056
1.2881170102263557
1.2953840415723814
1.3001292339364467
1.3012782542181123
1.306295197712235
1.3071027075279884
1.308111118121554
1.309342871354858
1.3148287585364864
1.3177116544404754
1.3207604286588497
1.3207672696801258
1.3234829357212858
1.3273525006983697
1.3306512709389393
1.3307679271201112
1.3331972346476972
1.3354490892607034
1.3375904445861706
1.3508381364126942
1.355599132054065
1.3597254160413559
1.3604438580449865
1.3651729019573255
1.3697180599462433
1.3717239631123885
1.376473953231911
1.3765965310342771
1.377085481671521
1.3771436854087618
1.3812180346015335
1.3850876483976844
1.3900987768470021
1.391176678691029
1.396349654757735
1.3992788700143313
1.4109739495051572
1.411188180242394
1.412854704571076
1.413015826859734
1.4139786366542682
1.4142602285345682
1.4190599787031108
1.4206889261719358
1.4269230208785182
1.4297803912813571
1.4333159484254105
1.433441149263055
1.4443988644881371
1.4459226876762372
1.4468922517899858
1.4608129466714495
1.4644544880216444
1.4718276725933397
1.473247124053645
1.48261024773771
1.5015693690196081
1.5031601785027124
1.505070135553372
1.5055232743604139
1.5089431261170105
1.5145321806211844
1.521451933227099
1.5281275068562454
1.5308522045551762
1.5331736758029262
1.5382653088278102
1.5389963796818824
1.548461886622722
1.5491094418882585
1.5501789638807086
1.5512687799265952
1.5538515872684917
1.5615381388795304
1.5647026111690359
1.5653041583150904
1.5658702183958635
1.5658796730468072
1.5661708716228098
1.5674060031583879
1.5815396537905566
1.582738439225471
1.582911349086231
1.5830799101401294
1.583698976892421
1.591904863644251
1.594292855621394
1.5946515861473576
1.596073178713223
1.598133924791
1.5984695725556557
1.6062099044186053
1.6119970603216183
1.6139091604443285
1.6142804289635195
1.6165355504909775
1.6211239991648636
1.6343350092908615
1.6405098466818575
1.6408008304749326
1.64642740310859
1.6506547803423026
1.6537230840524437
1.657511763035857
1.660182858940506
1.6602843135962606
1.6645193789552233
1.6679656664651505
1.670181286419376
1.6704817336593014
1.6713468871883492
1.679300355196731
1.6830041936405453
1.6838622006283444
1.6889147196098089
1.6897641120292943
1.7005645724707958
1.701142679790533
1.7060973654798401
1.7125405340060005
1.7153875118116824
1.7169317074716164
1.717761033745933
1.718567903112093
1.7287779637587959
1.730718380108211
1.7360061046871225
1.739713247157438
1.7453484831819033
1.7471276653868129
1.7511493420984225
1.752199613926348
1.7587023676979558
1.7591178884086809
1.7608458364829631
1.7678160611312133
1.76823069539655
1.769226862297038
1.7876162982956696
1.7893155381319474
1.792700133450762
1.8001872435881434
1.8007082848418223
1.8110788074905624
1.8168877681289413
1.8201060649267609
1.8232291065446466
1.8244415985469902
1.8246683104703771
1.8262480382292272
1.8277049317401968
1.8301423343632715
1.8318414165410006
1.83333969536122
1.8334358860244953
1.8344657496153443
1.8430597715430195
1.8439332041338432
1.846429639963597
1.8471082648577501
1.8491683387511253
1.856357379701941
1.8706299438200382
1.880513949910156
1.8852869154788343
1.903470352096727
1.908686521768753
1.913419895182633
1.915343261409624
1.9171963441329396
1.9187690303204274
1.9210958555426987
1.9215737774110555
1.9229366737466798
1.925226638505348
1.9266218958269643
1.9273801419954488
1.9454457084588108
1.9457298977880408
1.945836823399666
1.9484931461625645
1.9567779575711293
1.969361865677938
1.969452354862711
1.9775018236918305
1.9798812893069715
1.9817106345719107
1.9846045599123168
1.9862868470660688
1.9888565065397459
1.9917726884657077
1.9918082760419573
1.9941056682917173
1.997723849464496
1.9990463868634147
2.0049860676646625
2.00743686360629
2.0140471161394053
2.0285284157907078
2.028755046506811
2.0299714337056334
2.0395963224645293
2.043864692630341
2.0449208008222737
2.0458388924128155
2.052886715697297
2.053331267804914
2.0598912496590334
2.0603026986918316
2.063809328788246
2.0749043690755564
2.076220771444681
2.0805470467938743
2.0819607051718343
2.0850920041081134
2.0851506766944885
2.087987801444392
2.091210434100026
2.094664363245761
2.095677166434347
2.0967916603792953
2.1006345863062172
2.1054837352355826
2.1076051421335884
2.107921955472436
2.1247411338976883
2.1258058084793263
2.1275690230558046
2.1331490905966652
2.1333414313997987
2.1342587441275587
2.1363231620524235
2.139132248774111
2.1392097172397966
2.1400510126106385
2.142969365146207
2.1488413019618404
2.15346405793299
2.1587787851884306
2.1618674020225814
2.1669203547511806
2.167192227093618
2.170631294489743
2.175239287517169
2.1773431287725784
2.1791303676366365
2.186657202606224
2.186747518939024
2.191801282432944
2.192886510471197
2.1952736542545965
2.1983925538566886
2.201154977223831
2.202521925909699
2.203760524581505
2.2060985070558123
2.210211819444157
2.2106960530976325
2.220797348363942
2.221683638344406
2.2222319701427438
2.227156645416525
2.2293985407184915
2.234540575121789
2.241131272241072
2.245145903281797
2.269944377718366
2.2716476626237783
2.2827228802830755
2.28403167435526
2.2849405614111054
2.285334698490538
2.286943234147848
2.2877823471457552
2.290689324794847
2.302072672560263
2.3116875234598124
2.3127636669676113
2.315412571772281
2.315475281817106
2.3187270586276387
2.326410822769592
2.342771533663052
2.3437382013721586
2.3453141358676386
2.3555966734630545
2.3596899885490425
2.363540922829949
2.364677756986496
2.365495586276351
2.3669434464882206
2.377359043508114
2.3780134551779435
2.3796749468909066
2.381177859638932
2.382461345509023
2.3847438030478503
2.3929655638465404
2.4025205210208904
2.404301926619047
2.4089459742903374
2.4105099694818395
2.4121788130358945
2.41241205023049
2.4138570601429006
2.414292103542255
2.419898786603539
2.4208637315970383
2.4220357370285472
2.4280054669931044
2.432579486157939
2.4337356120431513
2.4355364504569863
2.437266315644199
2.4377963838448022
2.440021969605632
2.4459420196398702
2.4473368586602837
2.4530648097799936
2.4534448956171713
2.458064758327854
2.460082200943105
2.465586182137759
2.4810921284111407
2.4882214110497385
2.4940073596570094
2.4963920292994928
2.5057017182782353
2.523229064236084
2.5373294037695375
2.5379631697501828
2.539598164094176
2.543803778300953
2.5580602460071344
2.561868179261988
2.5741337839551583
2.5773564140442384
2.5803736309937566
2.5808347022528975
2.584549016356277
2.588220532011515
2.5925920441434607
2.5944265117143557
2.59646272452083
2.596973162074185
2.6020659136055753
2.606882439414076
2.61394370785527
2.6159973241179078
2.6173716818420085
2.618658251297059
2.627092521472146
2.627410181887967
2.6318579276030247
2.6344395186824223
2.6345476980871037
2.636179982495309
2.6555807644266656
2.6597546000361016
2.6599455502722464
2.6630225795110634
2.6651120386962863
2.6661431666547912
2.6760835007860977
2.68328924391831
2.6935650425489763
2.6973858325625044
2.6995553120261664
2.7011390332671317
2.703442354767291
2.703574793586591
2.7084786636499945
2.7429467658690148
2.761046945405577
2.7666500346032046
2.768630173016266
2.7758671455616355
2.7762271191242616
2.7779235999051877
2.7792339638195913
2.7811702243169676
2.7928541060452114
2.8062381586621057
2.8192837275055838
2.821561666563157
2.8233279816500425
2.8305624105189633
2.833716915580319
2.8389354140392182
2.8514418577312517
2.862717261364321
2.8653636826108144
2.8672787824097057
2.8702301383142013
2.870807305655705
2.873797005594259
2.879806086506371
2.8956214141353604
2.8971886013903743
2.908282838049129
2.91407301113064
2.922777481833674
2.9271006652045393
2.933321421040888
2.935181781776896
2.942484572761471
2.953779095070684
2.9574670142548016
2.963007835139098
2.972080813176876
2.9733017176044934
2.975630718184287
2.9768147235119833
2.9803810536241686
2.9837628729490753
2.9838937742176026
2.9840882987227695
2.9921234017477523
3.002989162373433
3.010877905746937
3.012544297569388
3.016458550394392
3.0280754705302386
3.0286218383105283
3.0356944774949817
3.038872688593716
3.0395915246158
3.0404836365891383
3.0503491775590295
3.0768018701162116
3.077395143193081
3.0809529144673435
3.0854911795817146
3.0863373338975357
3.089473703215167
3.092960354619868
3.0933226621684327
3.0970809138410504
3.1000037255637642
3.1011527596488513
3.104191763630653
3.1112104312809126
3.1225515963453794
3.138203723369062
3.1403903810052896
3.144174143686952
3.1724955324425537
3.182734485795855
3.1843407213404427
3.1843984805741705
3.1874668413382676
3.197285844029101
3.2134040671708637
3.2159008942672838
3.2219989143828385
3.228625148723958
3.2386553249563232
3.2525171389220078
3.2553180621629805
3.2675827155662622
3.2727120635794953
3.27378708612793
3.277748031654985
3.28165906813974
3.282977503205921
3.287038571074155
3.288665043827422
3.3017678690730894
3.303095620502925
3.3074046286933307
3.310535502161683
3.311666365100379
3.3168522364858877
3.3249786069805904
3.3268033084265616
3.332354501772236
3.334209565839167
3.34377673981418
3.360604874679047
3.364179140541366
3.364714978146473
3.371946240826252
3.3721813697469534
3.3797458971260967
3.3815172260625794
3.382380915070753
3.3873993842406103
3.395282098481758
3.420398395000949
3.4299029865908763
3.440814103645353
3.450441488240619
3.462040841575917
3.4668811684760747
3.4745923931082947
3.4933587470481586
3.4939335912077922
3.51310737746458
3.516141528863062
3.517983551785195
3.5256225267209262
3.5309845843087246
3.537818835745265
3.542922308556376
3.5451463322729753
3.5503006934197185
3.5598219113362526
3.568337593046107
3.5696463471976174
3.5763210772490006
3.576623782300118
3.5768857234817437
3.5772995481483028
3.5804826014213265
3.587608166134262
3.589593660918276
3.59100200201743
3.597566368554282
3.5991525366220296
3.6041911380577236
3.6176653999939172
3.628593452468513
3.6310203738504065
3.643154148124428
3.645807272136134
3.64709684918941
3.6585318790062913
3.6638034423889136
3.664989216149039
3.6658743040034985
3.66652054790584
3.6757385861020864
3.6764181362950605
3.6850220256958814
3.6860656562050695
3.6924797115309707
3.6925873575445713
3.6964460964987995
3.699897522287055
3.7103787250184017
3.710930082443468
3.7187676892267216
3.7195297115499923
3.726969289956223
3.7293386005022495
3.7376872066208944
3.7508066547970174
3.7528409682179715
3.783552558582062
3.7852226479717106
3.7854697941436344
3.7876270305956554
3.796129981265642
3.8047370010007513
3.822909448558009
3.8279532402116936
3.829473109640682
3.831069994343246
3.832514550314645
3.838115154418456
3.8393602015022372
3.8404815102580296
3.845238786121682
3.849240423046112
3.852713560371597
3.8587586607193276
3.863677293005696
3.867896163726327
3.8708840774501905
3.8763749455257988
3.8809507354369064
3.8829191409648995
3.8921941775181077
3.894271172253386
3.8946024251008007
3.9231819981191
3.9334079534605513
3.9335496523338205
3.9438744009930145
3.9481311032693682
3.9503830751331805
3.952577716217995
3.9642069057083833
3.9765967274036513
3.9770877701508858
3.9834588770501633
3.9863368190424815
4.04875787743689
4.050228841526769
4.066993113066387
4.078560304457787
4.078828407718966
4.089556387476236
4.0979855325074235
4.104335377820434
4.110470030222423
4.113900513139186
4.118707183797166
4.126877624100064
4.139900372277348
4.1439073738629215
4.143966730043038
4.147760467855548
4.154898207556023
4.157315375733275
4.158892188085987
4.15969881610908
4.166088499810623
4.1686949336657575
4.17087580332801
4.179735376222192
4.185737571558618
4.209540837662733
4.210340268759419
4.227286770811441
4.262624421299725
4.269749893293648
4.284698659092611
4.294918485669639
4.3087173704719675
4.31526603120889
4.332570238277531
4.345507091276283
4.359520012500838
4.3610606072212645
4.37445103980038
4.3816441430245225
4.382083692150952
4.389485398053857
4.396593427545153
4.405202897539009
4.408594708912109
4.409401373933181
4.412051022602825
4.416770374981079
4.426357357769899
4.428631411344844
4.429550424823866
4.432276877251749
4.43503665016817
4.436019428295595
4.4550213196007675
4.466524939339752
4.480276388168392
4.484534578411602
4.490167457191959
4.490307602768579
4.495255851883293
4.496884191334157
4.497448097385126
4.501952353265683
4.503685089292416
4.510365694259971
4.513155433759693
4.525220977641984
4.543912748367844
4.545195577361165
4.546013199669167
4.546499255116454
4.554523045463818
4.55564218880067
4.574077663387828
4.585121588339243
4.5930955911274385
4.594548520707193
4.595906367823323
4.599603173882903
4.599610183495118
4.605131772552127
4.609712808025844
4.614671106251848
4.615265224986254
4.617984545875287
4.643776921368796
4.6457155671576515
4.660176725806369
4.666526166873096
4.669756481923205
4.673234147964805
4.677264517490546
4.679619715939225
4.6828376215972565
4.712537872072066
4.712770405654099
4.7680113231496675
4.768629299856504
4.771950716961741
4.7741352819434075
4.786734764123049
4.787439620497989
4.801165199351998
4.804221148602688
4.826040469243533
4.829866863857076
4.832319815401772
4.836589053451624
4.837076865542371
4.837135489715506
4.8481868377132145
4.8504990046884675
4.857479432922621
4.883492709704762
4.900527027560119
4.90747636738567
4.9197819257434645
4.920534613151747
4.924856713743336
4.939515020813806
4.950257520773759
4.953278627015575
4.960481275229847
4.970487610338781
4.9789599306181245
4.9876810694022335
4.98899884898253
4.990369561047542
4.992551137250733
5.002360918106851
5.023343810672575
5.027024345434169
5.044099463430784
5.045762290470087
5.048346567929854
5.049682547829554
5.052743678225509
5.060192765589077
5.065911841199441
5.0671429455767685
5.070561113099388
5.0784467145646435
5.080142005344337
5.092053030872055
5.09860192621253
5.101946396314777
5.104787475981655
5.106424772153767
5.126829366981105
5.127816450646643
5.130322666931975
5.149655000743333
5.151227853311592
5.161743610027831
5.167693416380346
5.179098901415998
5.187843990567064
5.2066934537076035
5.206972515897228
5.219662824555937
5.220386012989263
5.222227570350772
5.231179303524912
5.244366062914277
5.260654429666673
5.277180236822519
5.279286454439493
5.286366162559751
5.303513045184672
5.310955092089896
5.317755023048368
5.34347441216332
5.346673060570078
5.350298853354965
5.358318013595935
5.3784599524606405
5.380930551486895
5.390693953858523
5.391956254272639
5.399519431953498
5.402748799800044
5.404903291109977
5.422765908595654
5.438727348160133
5.440871678611607
5.4472279246213775
5.456840798496172
5.459759061287485
5.461883022050108
5.4760515811197035
5.48006406639127
5.4910129364647595
5.491078379033909
5.492719211080154
5.503348404485392
5.509731656250651
5.535724428576363
5.537267651979484
5.548419374654056
5.569629055577205
5.57580749792766
5.584902775411013
5.594976405895256
5.598584406815255
5.604325242734945
5.608231595750355
5.608554120561362
5.628345711500407
5.6294018875154554
5.634910004406498
5.636275986477459
5.638326047332355
5.654285585872406
5.65705752687299
5.668078524071244
5.681431528354132
5.694412013152104
5.706131597462258
5.716255954136503
5.717163843365481
5.720632286171784
5.723017017080943
5.737434616642608
5.739522863833444
5.750095708499262
5.7567039137640466
5.777227985494472
5.779460347790446
5.784617204660937
5.788822634060684
5.788902798781054
5.7939454721275565
5.794102376614457
5.794659586686054
5.818520769652145
5.856136142668309
5.879130295539815
5.880810221906902
5.896820345800293
5.899445333989972
5.931321101239539
5.95591117826985
5.9703820808730494
5.9742684673759365
5.976280020205413
5.98268631336943
5.994213826257047
6.0065540774595725
6.014559497377533
6.027488269026296
6.0280632483818755
6.056605327279641
6.096340696046484
6.096878024690105
6.11138838703959
6.111448800715193
6.138541825106272
6.156094220920661
6.156549933943596
6.176305330569359
6.182063711668365
6.210695863217626
6.253258579467678
6.293918371216211
6.29955618689759
6.301210877336299
6.318954886635993
6.330359378833369
6.331824097213204
6.351605175922207
6.357090770959059
6.3658466222990295
6.395380081998721
6.411335703709043
6.412266452935788
6.412390787279439
6.419783710224112
6.43275024022734
6.4380206885657145
6.456722914847177
6.460115491444068
6.491004981760245
6.506126880694714
6.53211701585968
6.538954978888131
6.55934728603824
6.564504622751784
6.581395274220298
6.585835024395026
6.593070324852467
6.613531210296378
6.634686065456978
6.637893761466419
6.6406677005190415
6.6505590847575755
6.65427471488576
6.672433435311784
6.679305916546451
6.681665756430441
6.6880999085884145
6.692561826275969
6.7012896698896665
6.7266922573666195
6.728192285233002
6.765441849334372
6.794712836175829
6.803035976036461
6.818213839874508
6.8213161582895525
6.854968911576364
6.8636639004952125
6.872384451489153
6.89905576425547
6.9118929954359665
6.916250450253495
6.916944292361884
6.917497659517045
6.936880032686378
6.991729577130737
6.998332054346239
7.000746734474243
7.002325959250398
7.003238428637485
7.0057436827210555
7.024038760866397
7.030368334636567
7.03085009368652
7.035171348101042
7.037268699989348
7.051643574048103
7.0775790920948225
7.078342448122156
7.127459281471957
7.140065673505415
7.155168222103422
7.189944426722159
7.2279920390966605
7.235911332875311
7.246958043094764
7.2508269936961955
7.260711314133447
7.276462947203651
7.277754086829059
7.298557384627463
7.302597731288104
7.306091368723616
7.322761760234952
7.344656675207207
7.347374535735938
7.366656670255271
7.403375171621781
7.4156278975592915
7.448614108596624
7.458366272144369
7.4617022657798815
7.462793800489543
7.470250400681622
7.484322472451641
7.486888015247672
7.503379335811761
7.505292284400891
7.512541503651292
7.521118531333247
7.533992552408307
7.540099541906954
7.546761815775361
7.547646393070963
7.554640876665062
7.570415936418403
7.5825259455414855
7.594066464731375
7.598156563115199
7.602061578590138
7.638686005571467
7.641241228969089
7.6443051519699186
7.655307174615234
7.672850629271947
7.711568332381914
7.7456781789805484
7.753909713958599
7.75942389623109
7.777352679796511
7.796941531576531
7.83304187983219
7.83676401132072
7.840292500836927
7.847862065324657
7.85081685093224
7.897011579748152
7.906842121119503
7.920821483651911
7.9353137109423955
7.937550712801258
7.9384360418464714
7.939123979392084
7.942379315350521
8.009449550229744
8.025060645001206
8.03112911917008
8.071490684941363
8.079420836903104
8.087593823031742
8.149530744683616
8.172488011379466
8.184140315885012
8.185094418651289
8.187557846069746
8.200954022514921
8.20385859617523
8.237190668912062
8.238985432030178
8.258427900365154
8.265115345292376
8.272346163477179
8.278197942062084
8.281056699256094
8.284734618716515
8.289904654142756
8.290242137545254
8.315499717287047
8.376741916277123
8.398371334383432
8.423574974418079
8.434168530785916
8.434830973604308
8.43674322886343
8.458952935159568
8.472649509211966
8.477805834571836
8.485036597470215
8.489293553771153
8.507071041216602
8.512635104406865
8.529206227388508
8.542811972514285
8.553121008742574
8.57577808450487
8.603733242327102
8.629011436270643
8.643413949170368
8.659772200102298
8.660795736237322
8.663330290582847
8.677670726517734
8.679610767552527
8.717407621168999
8.743906073113385
8.751588332767563
8.78959749691822
8.810638959526003
8.820809692613977
8.824604021835473
8.849822823387886
8.85127217600639
8.85682602192797
8.869629442913919
8.909429056047657
8.94373389040933
8.975847628322986
8.998308677179129
9.00074004641165
9.00137375042605
9.003061040597538
9.031264445214893
9.042306171584645
9.0453118125687
9.06999297274353
9.099802098654255
9.10621391936345
9.108137808325209
9.125946081641661
9.150580268086877
9.177158672454508
9.193874588847535
9.216450839352447
9.22670546277214
9.242024328058758
9.25781388886266
9.258488430849853
9.265969351989982
9.284087587269857
9.292610458270698
9.295851222336607
9.325968779342316
9.340454244478131
9.347230076387298
9.351213285335136
9.366712207652599
9.389260963914426
9.393615070494304
9.395123860653168
9.411879469501287
9.432537807397857
9.452474366178174
9.466141843796489
9.471749143181949
9.48229433797487
9.50684436741838
9.526115501840234
9.566682782818924
9.570516785468513
9.629455714651257
9.639691400978338
9.644069389899434
9.653423213271223
9.663207657396061
9.675290704867974
9.694693062396622
9.741761780567732
9.789898451121728
9.809302463200066
9.827917781668274
9.85357741939594
9.888669013616447
9.89742511521285
9.969336984911385
10.019404556560769
10.040300740861978
10.045612348864452
10.098924006714476
10.099830931086245
10.133936409518467
10.137722402937456
10.182313735956667
10.198767477205493
10.235809997567378
10.245797693045725
10.2984506098145
10.322767296621173
10.381287770199037
10.428661121096914
10.435867697787375
10.438608034316767
10.441912698587325
10.469162289361853
10.475480143339784
10.478094037251129
10.481831571761596
10.507967097061247
10.538984813508568
10.559426303532362
10.59402828172217
10.613875718864122
10.618664897800835
10.634817674797903
10.64308537041218
10.668044550171818
10.669465557320587
10.68697826555836
10.700213210043584
10.768714969230071
10.812202425687161
10.825929687489598
10.84534048819896
10.853375543665447
10.871751978501488
10.876383595607376
10.918865077611436
10.945738755874544
10.979817302569606
11.04855372055702
11.060523910884324
11.08284927414006
11.098070469134042
11.104563156984812
11.105063377689708
11.117612799262552
11.14080556298578
11.185942366662193
11.1954041739779
11.208872332465846
11.246674426338158
11.274199063948595
11.331525377785947
11.364885345402897
11.367397838384656
11.414374236091444
11.428645550822859
11.478553576255743
11.494173315259795
11.528927637524426
11.591308105634878
11.630803352156946
11.63873503040948
11.657111589897596
11.670143524913195
11.790854004407503
11.821667810351432
11.837373900582627
11.840820093452042
11.849274246340936
11.852773612799398
11.87717184822156
11.925725270367389
11.958140317852568
12.040580743328913
12.051949802614898
12.071802872886119
12.091717104530959
12.100059223186571
12.147107541346694
12.156504183182525
12.165284358987764
12.198853147066766
12.287051198873948
12.308615969742194
12.311803399444617
12.327464491291018
12.3482203182091
12.398241177406447
12.422919665682295
12.428164115675512
12.443598205063353
12.573168963067786
12.588269734757038
12.598201604074696
12.60866231666224
12.621270596121075
12.632597594687926
12.633302581962816
12.678812409547168
12.686740488300604
12.694840083671307
12.699569846935558
12.759960302482815
12.821950592459563
12.85474786409002
12.873561410521246
12.8778739625827
12.906432429995244
12.916582305259665
12.947352410903475
12.948548968265037
12.948563018834628
12.997758188435899
13.064640929819605
13.08047526705659
13.120195034921132
13.152340673870228
13.17137171150165
13.174599450352
13.181517793496534
13.277207938297261
13.346519595753787
13.413445553673478
13.572449456427188
13.595710039036431
13.663073363746706
13.739133454885303
13.760686972599371
13.762428066502782
13.76799254500363
13.771981153836075
13.836368414635126
13.848102807941167
13.868269639563948
13.881589930984216
13.903133407521466
14.004534944063776
14.098126116260191
14.285659620800205
14.318722545421357
14.353371296278363
14.390353657254165
14.395468926629032
14.411789781866156
14.423996182106661
14.467755590210864
14.487831331864786
14.55046474376606
14.568547878868255
14.585055594062977
14.61066454549063
14.698325319872241
14.737559559392729
14.780453976876595
14.841603938545738
14.937733996928532
15.042700907118567
15.056214921270591
15.096310919219796
15.104347923482202
15.143940673083758
15.169061946590602
15.205853210968167
15.21657362730507
15.230023087161038
15.307182850413318
15.320925322840605
15.335148635332304
15.344645613941386
15.387198863901421
15.391452652911065
15.474014686745557
15.505376033800417
15.509239078185942
15.52871407031717
15.561702301228252
15.653694238847448
15.759972298283737
15.82906104292625
15.850942268528412
15.89295771048234
15.993299970037592
16.092501052394905
16.141521054748658
16.150077282235284
16.164518134039156
16.17464223510837
16.22079604683926
16.27486895157142
16.30726196350637
16.325412300405542
16.33235767753961
16.428956599419603
16.473811508642346
16.566506128869673
16.639911612212163
16.692794720000684
16.807703809275296
16.83149767682581
17.060286750002888
17.085304436009633
17.18640130189578
17.20599825392486
17.35458259886114
17.374292574781904
17.47466012443129
17.478514280907717
17.581777208659016
17.654079042201438
17.685083020709975
17.71996827136473
17.734456038294503
17.833651408127594
17.93198021637711
17.99583316052296
17.99832149311735
18.021232426975313
18.095953199155694
18.136984005853307
18.160641243694656
18.178063073011252
18.184250253164304
18.42441316135982
18.43634391865245
18.555648661885744
18.710574101120642
18.727796152209287
18.744398490131022
18.88306309312863
19.17140870066204
19.206143911168695
19.271786750432316
19.28362239606647
19.340298545154774
19.34581637145532
19.3966250034235
19.55843048334198
19.655163403123932
19.68614736708838
19.737629778804177
19.751836863246247
19.796920262270337
20.302767230616354
20.638867700558986
20.69162937555482
20.809466874899403
20.921552259540064
20.97069474777042
20.976476588776737
21.10135836664576
21.244658325543384
21.482635690538352
21.55014063163757
21.723750150977942
21.762907539853384
21.77049268162401
21.82958406696587
21.961772420383664
21.97914513454546
22.36395793300779
22.368804966221855
22.407661369369936
22.43600921195141
22.672553720648736
22.73143973348425
22.790607039076825
22.9520307357893
22.977146669974598
23.420292115157185
23.620756927094014
23.699382368679455
23.710005217771112
23.969425586468027
24.485221771582246
24.642609614700522
24.716411849974975
24.928440200090666
25.106514152048327
25.316194265514085
25.485898794546983
25.698709078461548
25.70093913323543
26.017878176406242
26.085188661140812
26.423233826582933
26.480100320876648
26.515427477961488
26.584149448570333
26.61770216295509
26.87349328009641
27.18026345498193
27.518829157339493
27.54633818213788
27.826539301791968
27.862127207937835
28.062825440141992
28.123127837070562
28.237982144140545
28.254440414944202
28.585580755284962
28.61596682882229
28.635423770113395
28.849257114144216
28.993816911504194
29.176260941546897
29.24764430897584
29.420587299807273
29.631727983564723
29.632243489191843
29.9653457910882
30.3661585167385
30.446814267544404
31.490630246650102
31.49826223478281
31.72385533687906
31.75419052233002
31.934097973535827
32.664693430534825
32.9262848827004
33.26205108306125
33.2744535334434
33.31872159636556
33.407865356103116
34.12082894503647
34.1384292643321
34.1937419410641
35.43514489930952
35.438666341942536
36.42885795804126
37.96935771781131
38.16591775212447
38.374066829477485
38.465725014512614
38.52237041522769
38.53549851774068
38.896088938113884
39.154762933820095
39.2589334325989
39.605831462943485
42.44880154891132
42.60230098740487
42.62333708183191
42.76983467095522
43.23476987253684
43.390328671000866
43.78489732950494
44.06337446591836
45.27801291357029
45.36196414186774
45.53248699006334
46.01062445194508
46.600367783060655
48.456422523815746
48.57233815317956
49.89434548146057
51.65506823298102
52.2703213259392
53.697043746895616
55.82515599192733
57.42001936716807
57.98742135421113
58.44527730041908
60.138877306534624
60.152685271451006
60.7210567380471
62.856878676672316
63.45405195841241
64.44578579772079
66.30271333942731
67.6130402373825
78.34996076579914
86.67009535858521
88.36038811979869
96.09597644847256
97.37111034482642
98.12499316674263
117.25549394269076
121.72319377654738
131.9554252300104
