0.04577510586798714
0.06998319633975059
0.08071210587146532
0.08324365496796358
0.08098207220597888
0.07608845183178081
0.06990997440233317
0.06326727711171362
0.05664477993004309
0.05031531227006082
0.04442074131438613
0.0390234688752622
0.03413887145340228
0.029755433382033358
0.025847041121938554
0.022380358269432955
0.01931916238751811
0.016626837174992356
0.014267764470811456
0.012208071826355391
0.010416008836904488
0.008862112270010868
0.007519251461851534
0.00636260500135339
0.0053695966107404946
0.004519805432223494
0.0037948592784499157
0.003178316114332749
0.0026555375081064553
0.002213557101253567
0.0018409468017377426
0.001527683154215394
0.0012650160783627999
0.0010453418618931866
0.0008620819543946051
0.0007095687518468628
0.0005829392116056286
0.0004780368121949223
0.0003913220842571284
0.00031979169567081635
0.00026090587757285154
0.00021252382760844315
0.00017284661851712108
0.00014036706902695016
0.00011382599419270997
9.217423791333724e-05
7.453989584448032e-05
6.020015727586934e-05
4.855722543174553e-05
