0.05489016819647318
0.08398788071330701
0.09639820531481766
0.09836481612546982
0.09411413854406449
0.08646015794461878
0.07723592190622813
0.06759991050771906
0.058252347898159695
0.04958693109007596
0.041796433957894716
0.03494552231999697
0.029020385296220225
0.023962076973352075
0.019688497022501514
0.016108518013096738
0.013130743020365335
0.010668641432537884
0.008643284399704182
0.0069845262564003
0.005631212309790458
0.004530805930728916
0.0036386966469032444
0.0029173597976821157
0.0023354756350524152
0.0018670731734756168
0.0014907356025721105
0.001188885395485423
0.0009471553269529333
0.0007538443059532688
0.0005994527155490721
0.00047628978265906047
0.00037814464377816784
0.00030001273079869695
0.00023786953761719174
0.0001884845204510421
0.00014926868825922816
0.00011815026391609645
9.347358779493645e-05
7.39171634397717e-05
5.842739611715078e-05
4.61651453648238e-05
3.6462704364520985e-05
2.8789237664377695e-05
2.272306175834534e-05
1.7929448182143535e-05
1.4142873894407714e-05
1.1152846090668472e-05
8.792594869712967e-06
