0.05697109002586373
0.08671154911688568
0.09899095032550523
0.10046086433090622
0.09558845654010661
0.08732155398402322
0.07756031537522391
0.06749003557950829
0.0578145764093568
0.048918955349405435
0.04098165064589471
0.03405139240315274
0.02809901550850061
0.023051919045554016
0.018816491739840402
0.015292292311452037
0.012380648256700651
0.009989533215490795
0.008036011939816769
0.006447137745855356
0.005159902927383952
0.004120643732849118
0.0032841634848270844
0.0026127424938711505
0.002075138852559476
0.0016456408854936403
0.0013032034951158745
0.0010306822864338402
0.0008141679357989747
0.0006424165187493468
0.0005063678484299763
0.0003987422083045326
0.00031370544538625886
0.000246592720310496
0.00019368195456151148
0.00015200895642780054
0.00011921720902897668
9.343628347815018e-05
7.318375138156131e-05
5.7286290391225294e-05
4.4816396298331376e-05
3.504173618206478e-05
2.7384705606391405e-05
2.139019764439712e-05
1.6699962510067156e-05
1.3032243723123306e-05
1.0165629411834885e-05
7.926264113385178e-06
6.177734818205487e-06
