0.05867626778579998
0.08890841416584433
0.10104247689531994
0.10207786783414328
0.09668277154999809
0.0879136124770765
0.07772249856250624
0.06731322551155539
0.057389489779462226
0.04832668059787694
0.04028973611681326
0.03331313124877544
0.02735443966370162
0.02232958698573981
0.018135527731499273
0.014664373803298996
0.011811787724745958
0.00948159168373758
0.007587934197991567
0.006055927831105307
0.0048213719301027904
0.0038299664627734218
0.0030362798876387956
0.00240263640341332
0.0018980222128645086
0.0014970668734070529
0.0011791275132223883
0.0009274858218722975
0.0007286568860436272
0.0005718027746400604
0.0004482406542730982
0.00035103402316012265
0.0002746556362543955
0.00021471135619425034
0.00016771517615671072
0.00013090681361601177
0.0001021044404275731
7.95862203859276e-05
6.199533143450475e-05
4.8264039459053955e-05
3.755316141364768e-05
2.9203912839672244e-05
2.2699688438374742e-05
1.7635785935748183e-05
1.3695465162305869e-05
1.0631047694808606e-05
8.249018263980575e-06
6.3982969335958606e-06
4.9610190819761e-06
