0.06171311695756804
0.09276415184800602
0.10457906100456434
0.10479905539250557
0.09845592561830004
0.08879697292976098
0.0778611072813493
0.06687883656676655
0.056548094229556506
0.047222910596940934
0.039041209496862024
0.032010332355805846
0.026063406207997204
0.0210957638930472
0.01698784888523742
0.01361907227067799
0.010875703773396446
0.008654905856216338
0.00686634022883297
0.005432303953747284
0.00428702657424545
0.003375536708921864
0.0026523553976088403
0.0020801722213848414
0.0016285933915286027
0.0012730077490660703
0.0009935893493525512
0.0007744387512418122
0.0006028556484211541
0.00046873057875096257
0.0003640414354845281
0.0002824402487443023
0.00021891645810643648
0.00016952417250470412
0.00013116240571463101
0.00010139879804071074
7.83287803644275e-05
6.046344964262959e-05
4.6640581958519664e-05
3.5954206754061295e-05
2.769901176199446e-05
2.1326556182472032e-05
1.641085611289827e-05
1.2621387840432528e-05
9.701947257856471e-06
7.4541218355277126e-06
5.724388050057942e-06
4.3940529565372815e-06
3.3714230485432435e-06
