0.06209102785415411
0.09323894904155333
0.10500902583962893
0.10512423400746462
0.09866197703931942
0.08889298622698989
0.0778664189787436
0.06681555000762601
0.05643713405507278
0.0470822064926225
0.038885111049979236
0.03184969233564513
0.025905988722416378
0.02094677503323762
0.016850476809834564
0.013494978945785227
0.010765443728572419
0.008558266322439532
0.006782607176259066
0.0053604633004616055
0.004225911420885096
0.0033239312799444153
0.002609065312014914
0.0020440692978099017
0.0015986417147765667
0.0012482763466979436
0.0009732556213990201
0.0007577857865164996
0.0005892657423146713
0.0004576766207384073
0.0003550773351925717
0.00027519119172615295
0.0002130695026202663
0.0001648194956421599
0.00012738536353262237
9.837286547009793e-05
7.590937107057461e-05
5.8532574668297596e-05
4.510228194226379e-05
3.4730680537726156e-05
2.6727360370531715e-05
2.0556062620638734e-05
1.5800726123036717e-05
1.2138883260829773e-05
9.320850922314756e-06
7.1534804057218535e-06
5.48748635711837e-06
4.207580101725278e-06
3.2247965474001404e-06
