0.06067881179600031
0.09146047861574963
0.10339389023232422
0.1038980502745091
0.09788017365872205
0.0885231240047375
0.07783727267289951
0.06704507508219233
0.05684730303685517
0.04760590863892216
0.03946844281205547
0.03245172986672678
0.026497323961155263
0.021507573798326653
0.017368485192706354
0.013963698040037715
0.011182568469838753
0.00892441251496491
0.007100312133722814
0.0056334271230488045
0.00445843948192532
0.003520538733828329
0.002774208084071556
0.002181971100636967
0.001713192014182772
0.0013429792610157461
0.0010512141909042277
0.0008217097971586117
0.0006414943394000077
0.0005002093681339524
0.0003896092515422723
0.0003031487194048075
0.0002356454246591239
0.00018300558757781868
0.00014200211625891484
0.00011009599531433056
8.529308746100408e-05
6.602973768937076e-05
5.108167788264494e-05
3.949169301925999e-05
3.0512332600308144e-05
2.356064359702255e-05
1.8182478092523036e-05
1.402440490625406e-05
1.0811644489649639e-05
8.330763803360291e-06
6.416124827837836e-06
4.9392873586128296e-06
3.8007328107298376e-06
