0.06014893107843833
0.09079072522679228
0.10278297275630108
0.10343154182328725
0.09757994351356412
0.08837789050956339
0.07782091402350459
0.06712712999989989
0.05699859140296474
0.04780118595469669
0.03968732017631565
0.032678637447759125
0.026720997485665497
0.02172034987486361
0.017565567654049645
0.01414248026155893
0.01134204975540869
0.009064719347090213
0.007222320167584229
0.005738472523330287
0.004548105472186197
0.003596503077201212
0.00283813840556982
0.002235456743630842
0.001757703057818753
0.0013798451713274936
0.0010816162188329124
0.0008466826280504341
0.0006619336390665039
0.0005168827805686228
0.0004031691129525027
0.0003141452950814208
0.0002445398807527239
0.0001901822071766785
0.0001477794822946162
0.00011473701166050142
8.90138102037345e-05
6.90070536395441e-05
5.345990683838294e-05
4.138821160469523e-05
3.2022326366618205e-05
2.4761094658049305e-05
1.9135490921702536e-05
1.4779965209802778e-05
1.1409896802178722e-05
8.803883647180078e-06
6.7898516012677396e-06
5.234174981110346e-06
4.033166783579361e-06
