0.01765536723163842
0.026129943502824857
0.030190677966101694
0.03162517655367232
0.03153689971751413
0.030608613612288137
0.029264288433527543
0.027766082246424788
0.026272046363959883
0.024871114957130562
0.023605366884651827
0.02248519456992715
0.021500348792237754
0.02062832115817878
0.019840751782501654
0.019108201965089826
0.018403508226383255
0.017703911887927738
0.016992169172874005
0.01625685735340948
0.015492090297619266
0.01469684039009338
0.013874036680360845
0.013029576148668145
0.012171350704238531
0.011308360370165837
0.01044995522174343
0.009605226075715307
0.008782546869319573
0.007989259739748669
0.007231486306337108
0.006514044716867092
0.005840450782883751
0.005212982206095658
0.004632786814456418
0.004100018340789751
0.0036139861779567904
0.003173308439429613
0.00277606034893844
0.0024199123631735184
0.0021022544431189495
0.0018203045214576531
0.0015712004836130396
0.0013520759241196492
0.0011601206030621167
0.0009926269572321028
0.0008470242641966386
0.0007209021576188389
0.0006120251866451279
0.0005183400328463709
0.0004379768710912139
0.0003692462063592573
0.000310632352467517
0.0002607845523343899
0.00021850658053709595
0.0001827455224378001
0.00015258029269153478
0.0001272103403993675
0.0001059448881590179
8.819296654920726e-05
7.345443238479541e-05
6.13120963617408e-05
5.142503140640701e-05
4.3523085233380856e-05
3.740257766500917e-05
3.292312392071745e-05
3.0005488530510433e-05
2.8630340410429776e-05
2.883774805007238e-05
3.072722519581906e-05
3.445811268729103e-05
4.025006226863268e-05
4.838337441930928e-05
5.9198935698611066e-05
7.309750281955187e-05
9.053809147229604e-05
0.00011203524828351248
0.00013815501429753562
0.00016950942761278687
0.00020674946044275366
0.00025055634057239844
0.00030163126720626293
0.0003606835944622836
0.00042841761990753763
0.0005055181780645688
0.0005926352972182014
0.0006903682296975808
0.0007992492088850707
0.0009197273186211659
0.0010521528809528738
0.0011967627753098574
0.001353667095709517
0.0015228375325504141
0.001704097832546695
0.0018971166454764441
0.002101403011200227
0.0023163046767582466
0.0025410093634646758
0.0027745490301596992
0.003015807103615162
0.0032635285729676463
0.0035163327743078935
0.0037727286263447997
0.004031132020259004
0.004289885018038097
0.004547276474933634
0.004801563674019193
0.005050994544573845
0.005293830031199611
0.005528366186874196
0.00575295557988043
0.005966027630790978
0.006166107530243998
0.006351833429754519
0.006521971644790116
0.006675429660242634
0.006811266781696271
0.006928702330003053
0.00702712133019561
0.0071060776973769935
0.0071652949707694796
0.007204664691586158
0.007224242560009348
0.0072242425407174835
0.007205029114677983
0.0071671078971095635
0.007111114857553628
0.007037804388014546
0.006948036469385431
0.006842763185254915
0.006723014826175669
0.006589885817122028
0.006444520686786271
0.006288100280199892
0.006121828396573124
0.005946919012868089
0.0057645842310787565
0.0055760230640713865
0.005382411151681913
0.005184891476047382
0.004984566123297277
0.004782489118092082
0.004579660338369855
0.004377020500264644
0.004175447187656157
0.0039757518873022825
0.003778677979037645
0.00358489962109348
0.0033950214631618884
0.0032095791143068445
0.003029040289106264
0.0028538065533567497
0.002684215590132526
0.0025205439077977125
0.0023630099135529084
0.0022117772790797414
0.002066958528659337
0.0019286187846117716
0.0017967796098797776
0.0016714228929093672
0.0015524947255276785
0.001439909230163749
0.0013335522983893467
0.0012332852082841477
0.0011389480934708034
0.0010503632417559637
0.0009673382061021269
0.0008896687151009616
0.0008171413741957927
0.0007495361525895114
0.0006866286540684881
0.0006281921728710758
0.0005739995382395202
0.0005238247534283173
0.0004774444367184768
0.0004346390734264444
0.0003951940890229902
0.0003589007543167765
0.000325556934236657
0.00029496769209360474
0.00026694576134470287
0.0002413118968447084
0.0002178951173811545
0.00019653285097123304
0.00017707099397570208
0.00015936389457812893
0.00014327427060629682
0.00012867307105406093
0.00011543929001210795
0.00010345974104858598
9.2628799407562e-05
8.284811872477523e-05
7.402632830500724e-05
6.607871637042031e-05
5.8926904080328794e-05
5.249851454429257e-05
4.6726840505537693e-05
4.155051386270881e-05
3.691317972624536e-05
3.2763177271815396e-05
2.9053229257212655e-05
2.5740141710337547e-05
2.2784514973249188e-05
2.0150466999463306e-05
1.780536954693954e-05
1.571959768572655e-05
1.3866292844937831e-05
1.2221139456555352e-05
1.0762155111320523e-05
9.469494022530602e-06
8.325263494808094e-06
7.313353014776153e-06
6.419275517090627e-06
5.630020330563119e-06
4.933917273387507e-06
4.320511342101521e-06
3.780447424338799e-06
3.3053644592480973e-06
2.887798470380318e-06
2.521093902712967e-06
2.199322707235128e-06
1.9172106322233042e-06
1.670070199163263e-06
1.4537398624840917e-06
1.2645288752277817e-06
1.0991674069287646e-06
9.547614848450092e-07
8.287523548654689e-07
7.188798835764868e-07
6.231496478238366e-07
5.398033824273993e-07
4.672924803102875e-07
4.0425426205060687e-07
3.4949075364473466e-07
3.019497320092394e-07
2.607078173933417e-07
2.249554103964388e-07
1.9398328867519064e-07
1.6717069468763454e-07
1.4397476097499625e-07
1.2392113355347885e-07
1.0659566701401161e-07
9.163707694954462e-08
7.873044639327058e-08
6.760149310637193e-08
5.801151385174697e-08
4.975293028257464e-08
4.264536881363522e-08
3.653221388048805e-08
3.127758037713017e-08
2.6763656845430808e-08
2.2888376216228225e-08
1.9563375617249173e-08
1.6712211009354045e-08
1.4268796230084567e-08
1.2176039449672168e-08
1.038465311470935e-08
8.852116201305032e-09
7.54177005308566e-09
6.422031267911312e-09
5.465707046494137e-09
4.64940014993978e-09
3.952992153343175e-09
3.3591950487637714e-09
2.8531624612897213e-09
2.4221528128821142e-09
2.0552377151679903e-09
1.7430497078007117e-09
1.4775641955831753e-09
1.2519110862158513e-09
1.0602122011390495e-09
8.974410333293222e-10
7.59301866009004e-10
6.421256521187256e-10
5.427803924159317e-10
4.585940458371354e-10
3.87288264319774e-10
3.2692147008369716e-10
2.758399903831177e-10
2.3263613646768978e-10
1.9611226304226237e-10
1.6524997463521264e-10
1.39183758398111e-10
1.1717842110196737e-10
9.86097933486042e-11
8.29482379344142e-11
6.974456334133883e-11
5.861799876159278e-11
4.9245935006104965e-11
4.135517708041685e-11
3.471448999154182e-11
2.9128250222787655e-11
2.4431041933044493e-11
2.04830598716209e-11
1.7166200744682198e-11
1.4380741755922455e-11
1.2042519647111771e-11
1.0080536109099189e-11
8.434926203229486e-12
7.055235671846164e-12
5.898960936738072e-12
4.9303123696353755e-12
4.119167227939754e-12
3.4401836189387113e-12
2.8720511052271735e-12
2.3968571950895662e-12
1.9995520622078678e-12
1.6674964850903145e-12
1.3900802533081994e-12
1.1584002110901707e-12
9.64988747274213e-13
8.035849354525461e-13
6.689417148847117e-13
5.566635118563586e-13
4.630695587185328e-13
3.850788961975151e-13
3.2011366283552683e-13
2.660177999521726e-13
2.2098874527276638e-13
1.8352006527842238e-13
1.5235329557165548e-13
1.264375287991561e-13
1.0489551832738253e-13
8.699525922714794e-14
7.212617155311898e-14
5.977914896521228e-14
4.952985230985913e-14
4.102472615564054e-14
3.396929925806842e-14
2.8118399887531636e-14
2.3267975906932342e-14
1.9248259138957547e-14
1.5918055364088155e-14
1.3159976464369905e-14
1.0876460811424001e-14
8.98645286714383e-15
7.422633863302676e-15
6.129112978329669e-15
5.0595031647412975e-15
4.175318145660351e-15
3.4446374701697364e-15
2.840995212535513e-15
2.342455187258859e-15
1.930841655951358e-15
1.5910996129854027e-15
1.3107630145070356e-15
1.0795128940678933e-15
8.888103007940694e-16
7.315914975875737e-16
6.020149470744076e-16
4.952513588041867e-16
4.073095287361574e-16
3.3489191842514516e-16
2.7527493604295703e-16
2.2620972753530373e-16
1.8583999154438576e-16
1.5263391943561258e-16
1.2532785127970093e-16
1.0287964621054606e-16
8.443010479285044e-17
6.9271063250497e-17
5.681901411634361e-17
4.65933029914901e-17
3.8198113263293286e-17
3.1307585346786706e-17
2.56535288886353e-17
2.1015279245824082e-17
1.7211326622692733e-17
1.4092410185888323e-17
1.153582249729782e-17
9.440713558450408e-18
7.724220184186557e-18
6.318276598029888e-18
5.166987130458839e-18
4.224462588492869e-18
3.4530389853767362e-18
2.8218114829921547e-18
2.3054281136261238e-18
1.8830975324662004e-18
1.5377730565984634e-18
1.2554818597800243e-18
1.024773654777716e-18
8.362677054968739e-19
6.822807342297446e-19
5.565213616068877e-19
4.538392512258992e-19
3.7001922097842147e-19
3.01612306175688e-19
2.4579717968367543e-19
2.0026650433836957e-19
1.6313375665896385e-19
1.3285685445356267e-19
1.0817557417178817e-19
8.80602814538939e-20
7.166994060636278e-20
5.83177324933963e-20
4.7442909425980866e-20
3.858776148134931e-20
3.1378770715472396e-20
2.5511195703635876e-20
2.0736465156401133e-20
1.685187127939341e-20
1.3692145414507245e-20
1.112257388899652e-20
9.033373847012573e-21
7.335099563774112e-21
5.954891334686392e-21
4.8334131257666525e-21
3.922353111981292e-21
3.182384121198566e-21
2.581499750945912e-21
2.093657278326204e-21
1.6976710522553492e-21
1.3763103439302628e-21
1.1155640483028172e-21
9.040415144687994e-22
7.324844136013303e-22
5.933691567545638e-22
4.805831379126922e-22
3.891611528084737e-22
3.1507085640840057e-22
2.550381740492529e-22
2.0640525693144624e-22
1.6701494072315596e-22
1.3511678262818527e-22
1.092906634169755e-22
8.838468424062306e-23
7.146469431042748e-23
5.777327988537765e-23
4.6696448027654877e-23
3.773656706234824e-23
3.0490393337159276e-23
2.4631231930951124e-23
1.9894456559614522e-23
1.6065758545976e-23
1.2971612455639831e-23
1.0471541828413578e-23
8.451846414333833e-24
6.820515764508441e-24
5.503105629065501e-24
4.439395577593693e-24
3.580680374628471e-24
2.8875753749279525e-24
2.3282387405593143e-24
1.8769315933856767e-24
1.5128520915361559e-24
1.2191914992488081e-24
9.823701288911335e-25
7.914189973781876e-25
6.374795026614392e-25
5.133986708934047e-25
4.134017801255664e-25
3.328276180039331e-25
2.679144300953648e-25
2.156268850708559e-25
1.7351622280996134e-25
1.3960724264815585e-25
1.123069973059511e-25
9.033103696863142e-26
7.264384091882829e-26
5.841071627368705e-26
4.695896331515612e-26
3.7746527803676255e-26
3.0336701329513205e-26
2.4377706425501854e-26
1.9586226197040966e-26
1.5734118636498956e-26
1.263770169659332e-26
1.0149113177572146e-26
8.149344863540225e-27
6.54262743874003e-27
5.251905018852558e-27
4.2151884738415054e-27
3.382617387021768e-27
2.714093342627246e-27
2.1773737602650375e-27
1.7465369119614844e-27
1.400746046841585e-27
1.1232545029639257e-27
9.006049466971339e-28
7.219849656022103e-28
5.787085699893476e-28
4.637990696430183e-28
3.716535591179076e-28
2.977730883901743e-28
2.3854569388619913e-28
1.9107196204371293e-28
1.5302480986433064e-28
1.225367882483487e-28
9.810952000276028e-29
7.854093639351517e-29
6.28668232737685e-29
5.031386992527279e-29
4.026196286676747e-29
3.221390886699889e-29
2.577112709359903e-29
2.0614136532487087e-29
1.6486895063991302e-29
1.3184231789954907e-29
