0.004871066866026078
0.007903716550495833
0.009641469139602893
0.010480777357406717
0.010708995884432925
0.010532867069957768
0.010099822810830703
0.009513862529507953
0.008847348442959199
0.00814973665821345
0.0074540152603530556
0.006781431654051941
0.006144947621287975
0.005551751390108618
0.005005073333242947
0.00450548944908807
0.004051849695156403
0.0036419328493646325
0.0032729030425259886
0.0029416232797241006
0.00264486650482333
0.0023794538092842938
0.0021423412919769967
0.0019306711189307428
0.0017417979649420377
0.001573298831221422
0.0014229719160044204
0.0012888285375306108
0.0011690808995347885
0.0010621276215417963
0.0009665383363344792
0.000881038216689508
0.0008044929828102694
0.0007358947246139908
0.0006743487227983092
0.0006190613504087874
0.0005693290686495562
0.0005245284869956093
0.00048410743107657673
0.00044757694708046504
0.00041450416484155084
0.0003845059405888599
0.0003572432026106004
0.00033241592744518236
0.0003097586796706159
0.0002890366542798224
0.000270042166546706
0.00025259153995084124
0.00023652234797446025
0.00022169097034768656
0.00020797042858233732
0.00019524846942629712
0.00018342586822563906
0.0001724149271596926
0.00016213814596311967
0.00015252704512190405
0.00014352112366619975
0.00013506693562400797
0.0001271172709677348
0.00011963042850162312
0.00011256956962194834
0.00010590214323215925
9.959937333040886e-05
9.363580190030397e-05
8.798888073581209e-05
8.263860672050251e-05
7.756719586079378e-05
7.275879204855792e-05
6.819920710748611e-05
6.387568916187962e-05
5.977671677081795e-05
5.589181659703533e-05
5.221140264178317e-05
4.872663528286529e-05
4.5429298511280685e-05
4.2311693882916974e-05
3.936654979345481e-05
3.658694475411545e-05
3.396624340148633e-05
3.149804401958426e-05
2.9176136394318315e-05
2.69944688604414e-05
2.494712344375319e-05
2.302829804719656e-05
2.123229468036834e-05
1.9553512788292176e-05
1.798644679609893e-05
1.65256870519091e-05
1.5165923419573648e-05
1.3901950844234306e-05
1.2728676286915235e-05
1.164112649724279e-05
1.0634456165438299e-05
9.703956064429387e-06
8.845060859680347e-06
8.053356326902077e-06
7.324585775887675e-06
6.654655531798951e-06
6.0396393726485535e-06
5.475781863812355e-06
4.959500566779353e-06
4.487387130352761e-06
4.056207298040782e-06
3.662899886223195e-06
3.3045748036677502e-06
2.978510194845339e-06
2.6821487976690667e-06
2.413093610987951e-06
2.1691029691701806e-06
1.9480851205840418e-06
1.7480924043117092e-06
1.5673151153325958e-06
1.4040751430952298e-06
1.256819462145465e-06
1.1241135466359947e-06
1.0046347733028125e-06
8.97165870144469e-07
8.005884606827329e-07
7.138767465620203e-07
6.36091364361029e-07
5.66373446056508e-07
5.039389065580221e-07
4.480729762237444e-07
3.981249912870204e-07
3.53503450661969e-07
3.1367134365770846e-07
2.7814174972049244e-07
2.4647370837892973e-07
2.182683550951239e-07
1.9316531667369708e-07
1.7083935821991102e-07
1.5099727232925996e-07
1.3337500019889005e-07
1.1773497363844098e-07
1.0386366648625484e-07
9.156934367955205e-08
8.06799961445194e-08
7.104144974322471e-08
6.251563670708118e-08
5.4979018279980955e-08
4.8321147667174756e-08
4.244336281865066e-08
3.725759905343858e-08
3.268531203813666e-08
2.865650215941593e-08
2.5108831863861863e-08
2.1986828073059978e-08
1.9241162308682197e-08
1.682800167808046e-08
1.4708424369044195e-08
1.2847893781970746e-08
1.1215785884540867e-08
9.784964807911365e-09
8.531402112411332e-09
7.4338355352872986e-09
6.473463392387172e-09
5.6336711406361455e-09
4.899786919226718e-09
4.258863175306875e-09
3.699481745766334e-09
3.21158001139609e-09
2.786295964473083e-09
2.4158302368239993e-09
2.0933233238323855e-09
1.812746411928207e-09
1.5688043738569606e-09
1.3568496387231445e-09
1.1728057734577882e-09
1.0130997299816957e-09
8.746018189407992e-10
7.54572567375757e-10
6.506157049065227e-10
5.606366017735768e-10
4.82805553144404e-10
4.1552536811427244e-10
3.574027794893609e-10
3.072232422980753e-10
2.639287355771231e-10
2.2659822382838624e-10
1.9443047208175645e-10
1.6672894215294794e-10
1.4288852782361716e-10
1.2238391364463907e-10
1.0475936618173535e-10
8.961978807087931e-11
7.66228844892569e-11
6.547230880776347e-11
5.591166948610226e-11
4.771929389369865e-11
4.070365686123591e-11
3.4699392545471865e-11
2.956381776580008e-11
2.5173903470791177e-11
2.1423638532512995e-11
1.8221736748063666e-11
1.5489643844217667e-11
1.3159806515914203e-11
1.1174170156933123e-11
9.482876028459705e-12
8.0431322185509e-12
6.818235926302514e-12
5.776727406814869e-12
4.89165837991434e-12
4.139959875211811e-12
3.5018963926187715e-12
2.960594931473559e-12
2.5016389099343976e-12
2.1127182834681276e-12
1.7833282984949758e-12
1.5045103035875275e-12
1.2686289029216247e-12
1.0691804899024653e-12
9.006288562787315e-13
7.582641453064909e-13
6.380819169931998e-13
5.366795282552221e-13
4.5116740902665614e-13
3.790931440431851e-13
3.183765554489608e-13
2.672542290156609e-13
2.242321414549171e-13
1.8804523227133677e-13
1.5762292456133796e-13
1.3205973836162111e-13
1.1059026043313448e-13
9.256783822315107e-14
7.744645534799439e-14
6.476532318051461e-14
5.413578966103443e-14
4.523022371816698e-14
3.777258293946992e-14
3.153041446020076e-14
2.6308075388130527e-14
2.1940990273731917e-14
1.8290789880938656e-14
1.524119842997431e-14
1.269455610496474e-14
1.0568880406401635e-14
8.795384281179767e-15
7.316381225099586e-15
6.083518021554901e-15
5.056284711589196e-15
4.200759005060684e-15
3.488548830035181e-15
2.8959022407839948e-15
2.402958604017892e-15
1.9931189784824443e-15
1.6525169979189745e-15
1.3695744500429703e-15
1.134628190306871e-15
9.396171035525174e-16
7.778195846128275e-16
6.436334977927865e-16
5.323918353487618e-16
4.4020836105465773e-16
3.6384842606459557e-16
3.006209055907968e-16
2.4828784771015415e-16
2.0498896802003394e-16
1.691785812906584e-16
1.3957294679293187e-16
1.1510632873004052e-16
9.489434659218252e-17
7.820342027808473e-17
6.442530825318179e-17
5.305589957533013e-17
4.3677557163123154e-17
3.594442431057107e-17
2.9570202629960446e-17
2.4317990258321432e-17
1.9991836761886315e-17
1.6429727800240978e-17
1.3497760023313481e-17
1.1085306349223963e-17
9.101004954604448e-18
7.469433049216365e-18
6.12834968470332e-18
5.026411203752444e-18
4.12127909284116e-18
3.378053481374439e-18
2.7679767705002243e-18
2.2673612436766863e-18
1.856702316049198e-18
1.5199455788437546e-18
1.2438812042056125e-18
1.017643775907714e-18
8.32299353216837e-19
6.8050468523800865e-19
5.562260767771475e-19
4.545075522664819e-19
3.712797451214167e-19
3.0320241736996227e-19
2.475347396563915e-19
2.0202847738129254e-19
1.6484007029230892e-19
1.3445828983439757e-19
1.09644735590772e-19
8.938490964688033e-20
7.284800269003932e-20
5.93538522429435e-20
4.83458033531676e-20
3.9368425063091936e-20
3.2049220147849596e-20
2.608361763669001e-20
2.1222663083459333e-20
1.7262925030307542e-20
1.403822143039218e-20
1.1412840118976509e-20
9.275985362088684e-21
7.537230230562117e-21
6.122793833098266e-21
4.972494773129461e-21
4.037258792114054e-21
3.2770804350457515e-21
2.6593565551756396e-21
2.1575242513594645e-21
1.749947969916284e-21
1.4190104707977525e-21
1.15037054046614e-21
9.323570485800738e-22
7.554744538016652e-22
6.119993809930788e-22
4.956515948860882e-22
4.0132572969656223e-22
3.2487261994426463e-22
2.6292111342997875e-22
2.127329138642058e-22
1.7208436452538335e-22
1.3917020015329545e-22
1.125252068741375e-22
9.096047608526657e-23
7.351154806872148e-23
5.93962393897861e-23
4.7980355148844244e-23
3.874981950707551e-23
3.1288029210332775e-23
2.525745623672135e-23
2.0384706315646903e-23
1.6448387375781404e-23
1.3269262084320276e-23
1.0702256534968805e-23
8.629976910758993e-24
6.957450927219768e-24
5.607863778178878e-24
4.519101387307968e-24
3.640948831649557e-24
2.9328203327694277e-24
2.361920417806874e-24
1.9017547242940982e-24
1.5309242647004408e-24
1.2321494358707127e-24
9.914801900449578e-25
7.976570139706671e-25
6.415940458920669e-25
5.1596108607744135e-25
4.148456604194045e-25
3.3347987006132426e-25
2.680196588011804e-25
2.153664809473643e-25
1.7302325839868175e-25
1.3897806076129827e-25
1.1161019436777276e-25
8.961440042861171e-26
7.193968413831147e-26
5.773996184343507e-26
4.6334251961772383e-26
3.7174571241458657e-26
2.9820050656705587e-26
2.3916070559279953e-26
1.9177445460344111e-26
1.5374875395946784e-26
1.2324031652614426e-26
9.876766519999565e-27
7.914035222271462e-27
6.340197734486644e-27
5.07843243819992e-27
4.0670454449598345e-27
3.256501290470248e-27
2.6070344961356683e-27
2.0867287614040972e-27
1.6699725455027088e-27
1.3362175359816105e-27
1.0689808043890395e-27
8.550429793511987e-28
6.8380405986471985e-28
5.4676597925661925e-28
4.371170622742028e-28
3.4939837605843503e-28
2.7923588787214885e-28
2.2312549199114227e-28
1.782605032314204e-28
1.4239325462828347e-28
1.1372407812129038e-28
9.081226737822431e-29
7.250468369233657e-29
5.78785196372862e-29
4.6195421487715615e-29
3.6864723031414716e-29
2.9413986660208774e-29
2.3465403743957921e-29
1.8716892340512145e-29
1.4926960014573017e-29
1.1902583985842802e-29
9.48950889458542e-30
7.564481312870136e-30
6.029035492998564e-30
4.8045213541122725e-30
3.828127079236957e-30
3.049697913980216e-30
2.4291922235131327e-30
1.934647503181277e-30
1.540554397498465e-30
1.2265571048397074e-30
9.764148282280878e-31
7.771719767255104e-31
6.184952694451438e-31
4.921442604610167e-31
3.9154850128865826e-31
3.1146991967489317e-31
2.477332849935509e-31
1.9701106470235038e-31
1.5665172388459486e-31
1.2454271775777878e-31
9.900118485245988e-32
7.868675420354026e-32
6.253200371675602e-32
4.968700522328324e-32
3.9475109726238307e-32
3.135770008747869e-32
2.4906096802157626e-32
1.9779168689694685e-32
1.5705492795305073e-32
1.246914134685874e-32
9.898360084353027e-33
7.856551138897349e-33
6.23509245200931e-33
4.947620543138438e-33
3.925479087904919e-33
3.1140961245696446e-33
2.470100847971543e-33
1.959029343888088e-33
1.5534992314352407e-33
1.231757588986682e-33
9.765259954603778e-34
7.740820257274599e-34
6.13528896131716e-34
4.862148018708517e-34
3.852713315068703e-34
3.052465913563278e-34
2.418136479704007e-34
1.915388587380443e-34
1.5169781486054121e-34
1.2012913180323764e-34
9.511832075442588e-35
7.530556495704412e-35
5.961249017080427e-35
4.718402521718106e-35
3.734224932672564e-35
2.954975987943161e-35
2.338060057545619e-35
1.8497192746923732e-35
1.4632032639339242e-35
1.1573171942208128e-35
9.152701074618462e-36
7.23761542866425e-36
5.722572452309574e-36
4.5241488834304146e-36
3.5762880134888216e-36
2.8266908450758186e-36
2.2339558178144205e-36
1.7653121193126154e-36
1.394823624254458e-36
1.1019659260155168e-36
8.704991008657715e-37
6.875748551487764e-37
5.430294090434535e-37
4.288235483972188e-37
3.3859927017509293e-37
2.6732878733189883e-37
2.1103668686069927e-37
1.6658002149761558e-37
1.3147427628347868e-37
1.0375565670954173e-37
8.18721310683773e-38
6.459723345767597e-38
5.096188098829465e-38
4.0200446828569585e-38
3.170811347475844e-38
2.500715066021923e-38
1.9720253374297228e-38
1.5549464331869395e-38
1.2259513142819853e-38
9.66464820338458e-39
7.618230303423794e-39
6.004509683083302e-39
4.732129152307111e-39
3.7289915410840724e-39
2.9382054320786997e-39
2.314883002727193e-39
1.823611167168969e-39
1.4364546697385168e-39
1.1313794077792414e-39
8.910076882817007e-40
7.016356453388484e-40
5.524576886005442e-40
4.349544279204633e-40
3.424096680292914e-40
2.6952929712042773e-40
2.121406063947987e-40
1.6695509161021446e-40
1.3138135380709126e-40
1.0337753335829785e-40
8.133493643822983e-41
6.398627015213345e-41
5.033329011210019e-41
3.958975980987006e-41
3.1136486065376227e-41
2.4485877600138214e-41
1.9254012700417623e-41
1.513862725914023e-41
1.1901770123423899e-41
9.356137509506354e-42
7.354307191922067e-42
5.780258006073468e-42
4.542690222027891e-42
3.5697648943527254e-42
2.8049611639352937e-42
2.203814258033045e-42
1.7313472150134564e-42
1.3600489999662647e-42
1.0682829250759334e-42
8.390339184492215e-43
6.5892259655996906e-43
5.174293926613243e-43
4.062840472097423e-43
3.1898526332629366e-43
2.504228121591799e-43
1.965802667471219e-43
1.5430118531861209e-43
1.2110522135130112e-43
9.504351744837658e-44
7.45850081855805e-44
5.85270436926977e-44
4.592515356840812e-44
3.6037880948293384e-44
2.828349344022706e-44
2.2206072377382828e-44
1.744903550263107e-44
1.3734594319701233e-44
1.084801407893435e-44
8.625856477711037e-45
6.947666015075492e-45
5.730834674842584e-45
4.928673700802557e-45
4.532069837663873e-45
4.575551920965796e-45
5.1492050341916573e-45
6.418733111384689e-45
8.657215904586744e-45
1.2293920022405856e-44
1.7988179082380904e-44
2.6740252394243604e-44
4.0056783908229265e-44
6.019685564022459e-44
9.053688600587553e-44
1.3611053829173725e-43
2.0440594801139553e-43
3.0654066563347175e-43
4.589901050903793e-43
6.861257132116972e-43
1.0239356398350163e-42
1.5254693415516268e-42
2.2687911511360646e-42
3.3685790919952677e-42
4.993010820219532e-42
7.388305134042954e-42
1.0914329799417682e-41
1.6096179211928717e-41
2.3698759757653306e-41
3.4834467313552557e-41
5.111838284512533e-41
7.489158874213407e-41
1.0954198171614133e-40
1.5996439895020201e-40
2.3321948742535527e-40
3.3947564214753335e-40
4.933534719707505e-40
7.1584175214424464e-40
1.03702345516502e-39
1.499948248699041e-39
2.1661249868384302e-39
3.123299722475184e-39
4.4964531638291015e-39
6.463326100093547e-39
9.27630334865817e-39
1.3293213129986239e-38
1.902060788352819e-38
2.71744923323732e-38
3.876540339913171e-38
5.521742786234274e-38
7.853444619810431e-38
1.1153199621610082e-37
1.581601787315186e-37
2.2395268997585777e-37
3.1665032911533597e-37
4.470655095490805e-37
6.302791856958004e-37
8.872956143600029e-37
1.247326779971214e-36
1.7509415581111683e-36
2.454400754787806e-36
3.435616104898053e-36
4.802329998221063e-36
6.703327717087188e-36
9.343784902441173e-36
1.3006246066130596e-35
1.8079260373670228e-35
2.509641559682857e-35
3.4789472761908876e-35
4.816059614554387e-35
6.658040709979492e-35
9.192091353467338e-35
1.267354759516134e-34
1.7450212578407934e-34
2.399520967444907e-34
3.295128200296175e-34
4.519044704614987e-34
6.189422251187833e-34
8.46613751784244e-34
1.1565244530859706e-33
1.5778334545421192e-33
2.149843602704204e-33
2.9254619266027723e-33
3.9758171578350435e-33
5.3964132872562134e-33
7.315319654607775e-33
9.904057705372947e-33
1.3392053996731362e-32
1.8085803483510147e-32
2.4394246283035604e-32
3.2862330563339535e-32
4.421534701070229e-32
5.941741929210195e-32
7.97485752820755e-32
1.0690617682468338e-31
1.431382432307575e-31
1.9141848364733617e-31
2.556758076007622e-31
3.4109490611799172e-31
4.54509437441308e-31
6.049157309715439e-31
8.041431492207065e-31
1.0677278419447733e-30
1.4160502547155512e-30
1.8758142637806714e-30
2.481968278932712e-30
3.280197457350794e-30
4.330153044462011e-30
5.709632009619097e-30
7.519980369498588e-30
9.893070425773263e-30
1.300030005218872e-29
1.7064186786194516e-29
2.237328791649193e-29
2.930137895524093e-29
3.8332078091401376e-29
5.0090427569817553e-29
6.538335215797182e-29
8.525143216731386e-29
1.1103508170182754e-28
1.4445904669042644e-28
1.8774017525755315e-28
2.437247192865748e-28
3.160630681612728e-28
4.094318776870769e-28
5.298161436072836e-28
6.8486700974414935e-28
8.843551566414882e-28
1.1407446872244639e-27
1.4699187584477696e-27
1.8920961076267006e-27
2.4329874664143162e-27
3.1252531096923107e-27
4.010338024671163e-27
5.140780113562733e-27
6.583110329874667e-27
8.421492760763609e-27
1.0762288715389769e-26
1.3739773467056452e-26
1.7523289390678612e-26
2.232618724115607e-26
2.841699117069813e-26
3.613332637015531e-26
4.589927531420961e-26
5.824698481938536e-26
7.384353796900496e-26
9.352434029899559e-26
1.1833455803997998e-25
1.49580499278932e-25
1.8889326070055245e-25
2.383074901172395e-25
3.003587588822233e-25
3.7820382337139943e-25
4.757690110264183e-25
5.979331301543781e-25
7.507527173535126e-25
9.417391545035126e-25
1.1801992717366984e-24
1.4776535793508583e-24
1.8483493309891564e-24
2.309889321350205e-24
2.8840017943909847e-24
3.597482238143726e-24
4.483344355893494e-24
5.582225352603999e-24
6.944100124833024e-24
8.630370307347103e-24
1.0716407785483037e-23
1.3294648675218626e-23
1.6478353432828848e-23
2.0406172311684738e-23
2.5247683580733193e-23
3.121010563999823e-23
3.8546424457767474e-23
4.7565225846209157e-23
5.864257944490363e-23
7.223638961497113e-23
8.890370978680625e-23
1.0932161353901009e-22
1.3431233062172704e-22
1.6487349257515099e-22
2.0221449440569558e-22
2.478001705151211e-22
3.0340321005534937e-22
3.711670053415628e-22
4.536809441902611e-22
5.540705315843597e-22
6.761051678530085e-22
8.243269312035819e-22
1.0042043254796714e-21
1.222315675201815e-21
1.4865676975973307e-21
1.8064557767314807e-21
2.193373632752053e-21
2.6609814483258983e-21
3.2256431178236707e-21
3.906945161191095e-21
4.728312038265109e-21
5.7177351620050034e-21
6.908635900168949e-21
8.3408863429152e-21
1.0062015677711013e-20
1.2128634743786234e-20
1.4608116840942332e-20
1.7580579262151057e-20
2.1141217444425758e-20
2.5403052246465734e-20
3.050016084667343e-20
3.659147331944111e-20
4.3865230329867096e-20
5.254421285981444e-20
6.289187275292573e-20
7.521951349872156e-20
8.989469447138177e-20
1.0735105925953827e-19
1.2809982029521152e-19
1.5274316831121564e-19
1.819899169067074e-19
2.166737404519614e-19
2.5777441859160456e-19
3.064425637025926e-19
3.6402837995374803e-19
4.321150853681993e-19
5.125577229469795e-19
6.07528195094775e-19
7.195674791294946e-19
8.516461226213192e-19
1.0072342780223521e-18
1.1903827191360597e-18
1.4058164903753043e-18
1.65904307679297e-18
1.9564772522370376e-18
2.3055850688741555e-18
2.715049798387306e-18
3.194963028646829e-18
3.757044565401467e-18
4.41489529310368e-18
5.184287719666443e-18
6.083499574919027e-18
7.133696560841913e-18
8.359371173502883e-18
9.788845443217148e-18
1.1454846483369984e-17
1.3395164913517565e-17
1.5653407544280157e-17
1.8279857197314594e-17
2.1332454202393116e-17
2.4877915986217e-17
2.8993013267664204e-17
3.376602372713449e-17
3.9298386652279397e-17
4.570658500988602e-17
5.3124284688939856e-17
6.170476434064701e-17
7.162367335013619e-17
8.308216005728658e-17
9.631041745175956e-17
1.1157169925577442e-16
1.2916686563826665e-16
1.494395248433876e-16
1.7278184483803819e-16
1.9964111776778209e-16
2.3052716964599984e-16
2.6602071838428897e-16
3.067827951059649e-16
3.535653567862955e-16
4.072232327550066e-16
4.687275636152959e-16
5.391809088279981e-16
6.198342187380184e-16
7.121058883590054e-16
8.176031339694376e-16
9.381459597165303e-16
1.0757940101893137e-15
1.2328766365643741e-15
1.4120265386807582e-15
1.6162173835848846e-15
1.8488058429570713e-15
2.1135785377702624e-15
2.4148044288345634e-15
2.757293246983497e-15
3.1464606169278602e-15
3.588400594694808e-15
4.089966410571378e-15
4.6588602880558934e-15
5.30373329506311e-15
6.034296277106426e-15
6.8614430239871625e-15
7.797386932375856e-15
8.855812547238134e-15
1.0052043496134001e-14
1.1403228472786736e-14
1.2928547080879485e-14
1.4649437516663595e-14
1.6589848250718563e-14
1.8776516065988873e-14
2.1239273022367057e-14
2.4011385148499888e-14
2.7129925910643817e-14
3.063618777755828e-14
3.4576135490753396e-14
3.900090496293169e-14
4.3967352065080007e-14
4.953865592649919e-14
5.5784981763719336e-14
6.278420867567055e-14
7.062272829494955e-14
7.939632067208179e-14
8.921111429143558e-14
1.001846376779472e-13
1.124469706544591e-13
1.2614200395306431e-13
1.4142881657222081e-13
1.58483181009406e-13
1.7749920728636625e-13
1.9869113752645775e-13
2.2229530374257132e-13
2.485722624536087e-13
2.7780912077065446e-13
3.103220696840172e-13
3.4645914144377454e-13
3.866032091619346e-13
4.3117524807903163e-13
4.806378793349373e-13
5.354992185673567e-13
5.963170532379285e-13
6.63703374256245e-13
7.383292892445711e-13
8.20930346664019e-13
9.123123020106789e-13
1.0133573593959384e-12
1.1250309240480472e-12
1.2483889036273438e-12
1.384585598730284e-12
1.5348822255837079e-12
1.70065611669451e-12
1.8834106481421656e-12
2.084785945281293e-12
2.306570421849978e-12
2.550713210905566e-12
2.8193375495881107e-12
3.114755183489104e-12
3.4394818603688573e-12
3.796253987131354e-12
4.188046528344365e-12
4.618092229166217e-12
5.089902250380235e-12
5.607288308256022e-12
6.1743864172550185e-12
6.79568233914316e-12
7.476038847838161e-12
8.220724925423529e-12
9.035447011052904e-12
9.92638243113344e-12
1.0900215146072554e-11
1.1964173956126174e-11
1.3126073316405616e-11
1.439435691902046e-11
1.5778144208465816e-11
1.7287280005070035e-11
1.8932387420080706e-11
2.0724924255392602e-11
2.2677243090594234e-11
2.4802655270019044e-11
2.7115499013119264e-11
2.963121188228246e-11
3.236640785370329e-11
3.533895924867066e-11
3.8568083794894617e-11
4.2074437100456425e-11
4.5880210836041694e-11
5.000923693505805e-11
5.448709813553883e-11
5.934124520259726e-11
6.460112118587322e-11
7.029829308196766e-11
7.646659128946838e-11
8.314225726023579e-11
9.036409976985796e-11
9.817366024785671e-11
1.0661538762828283e-10
1.1573682320086367e-10
1.255887959642612e-10
1.362256290040844e-10
1.4770535744127687e-10
1.6008995851932508e-10
1.7344559442322914e-10
1.878428684482164e-10
2.033570951614704e-10
2.2006858522899112e-10
2.380629456049278e-10
2.574313958127359e-10
2.782711010748506e-10
3.0068552308181665e-10
3.24784789220626e-10
3.5068608111960805e-10
3.785140433993082e-10
4.084012135554343e-10
4.40488473939642e-10
4.74925526839326e-10
5.118713937024323e-10
5.514949395907803e-10
5.939754239934147e-10
6.39503079171902e-10
6.882797172624777e-10
7.405193674019125e-10
7.964489442003941e-10
8.563089489325093e-10
9.203542048758592e-10
9.888546282793015e-10
1.0620960365061825e-09
1.1403809949497462e-09
1.2240297043947253e-09
1.313380930551617e-09
1.408792977557969e-09
1.5106447073282175e-09
1.61933660667931e-09
1.735291904257818e-09
1.8589577393578988e-09
1.9908063848117502e-09
2.13133652619973e-09
2.2810745997334717e-09
2.4405761912478355e-09
2.6104274988172166e-09
2.791246861625217e-09
2.9836863578100484e-09
3.1884334740995347e-09
3.406212850167537e-09
3.6377881007506754e-09
3.883963718658558e-09
4.145587061949074e-09
4.4235504286675185e-09
4.718793222610976e-09
5.032304213767072e-09
5.365123897216399e-09
5.7183469543270695e-09
6.093124820314953e-09
6.490668362326905e-09
6.912250672346362e-09
7.3592099793841626e-09
7.83295268554236e-09
8.334956530808862e-09
8.866773891334436e-09
9.430035216412172e-09
1.0026452609369121e-08
1.0657823557749949e-08
1.132603481838928e-08
1.2033066463170202e-08
1.278099609132844e-08
1.357200321446548e-08
1.4408373820557527e-08
1.529250512342726e-08
1.6226910504304393e-08
1.7214224652434992e-08
1.8257208911616926e-08
1.9358756840088716e-08
2.052189999096005e-08
2.174981392103811e-08
2.304582443570903e-08
2.4413414077908355e-08
2.58562288693936e-08
2.737808531271237e-08
2.8982977662430972e-08
3.0675085474448934e-08
3.2458781442222765e-08
3.433863952924507e-08
3.631944340700361e-08
3.840619520792602e-08
4.0604124602927625e-08
4.291869821380375e-08
4.5355629369958207e-08
4.792088821998578e-08
5.0620712208598395e-08
5.346161692903733e-08
5.6450407361807066e-08
5.959418951065898e-08
6.29003824465517e-08
6.637673077053262e-08
7.003131750695464e-08
7.387257743830922e-08
7.790931089234693e-08
8.215069799393368e-08
8.660631339226035e-08
9.128614147515192e-08
9.620059208239688e-08
1.0136051672910966e-07
1.0677722535122919e-07
1.124625035842179e-07
1.1842863058680738e-07
1.246883974219639e-07
1.312551260044566e-07
1.3814268862902798e-07
1.453655280888564e-07
1.5293867839516778e-07
1.6087778611054358e-07
1.6919913230522272e-07
1.7791965514792002e-07
1.8705697314162424e-07
1.9662940901393256e-07
2.0665601427295993e-07
2.1715659443769525e-07
2.2815173495263983e-07
2.396628277957774e-07
2.517120987886413e-07
2.6432263561660293e-07
2.775184165683422e-07
2.9132434000048356e-07
3.0576625453709627e-07
3.208709900066668e-07
3.3666638912838594e-07
3.531813399473614e-07
3.704458090287545e-07
3.8849087541375294e-07
4.0734876533905297e-07
4.27052887728291e-07
4.4763787045323685e-07
4.691395973694295e-07
4.915952461281877e-07
5.150433267626763e-07
5.395237210531049e-07
5.650777226643243e-07
5.917480780599659e-07
6.195790281864402e-07
6.486163509259192e-07
6.789074043161442e-07
7.105011705287854e-07
7.434483006005208e-07
7.778011599176011e-07
8.136138744368137e-07
8.509423776415392e-07
8.898444582226631e-07
9.303798084717221e-07
9.726100733783343e-07
1.0165989004222112e-06
1.0624119900385648e-06
1.1101171467556748e-06
1.159784330980089e-06
1.2114857114214985e-06
1.2652957181335046e-06
1.3212910961593784e-06
1.379550959768029e-06
1.4401568472494335e-06
1.5031927762572425e-06
1.5687452996883079e-06
1.6369035620523017e-06
1.7077593563372419e-06
1.7814071813259924e-06
1.8579442993585445e-06
1.9374707944954065e-06
2.0200896310780246e-06
2.105906712645264e-06
2.195030941183062e-06
2.2875742766890463e-06
2.383651797003839e-06
2.4833817579058547e-06
2.586885653418195e-06
2.6942882763188524e-06
2.805717778800485e-06
2.9213057332746075e-06
3.04118719326171e-06
3.1655007543723447e-06
3.2943886153005053e-06
3.4279966388467284e-06
3.5664744128973975e-06
3.709975311357034e-06
3.858656554979953e-06
4.012679272086805e-06
4.172208559114097e-06
4.337413540981724e-06
4.5084674312322245e-06
4.6855475919274975e-06
4.8688355932230125e-06
5.058517272658112e-06
5.2547827940769065e-06
5.457826706158691e-06
5.667848000524178e-06
5.885050169415929e-06
6.10964126285892e-06
6.34183394535147e-06
6.581845551966516e-06
6.82989814391123e-06
7.0862185634711076e-06
7.351038488311125e-06
7.624594485125952e-06
7.907128062607852e-06
8.198885723659244e-06
8.500119016898062e-06
8.811084587380907e-06
9.132044226523289e-06
9.463264921172162e-06
9.805018901913443e-06
1.015758369041668e-05
1.0521242145938039e-05
1.0896282510899659e-05
1.128299845555613e-05
1.1681689121673696e-05
1.2092659165241852e-05
1.2516218798252918e-05
1.2952683829388098e-05
1.3402375703743088e-05
1.3865621541511127e-05
1.4342754175596445e-05
1.4834112188166855e-05
1.53400399461674e-05
1.5860887635709022e-05
1.6397011295380906e-05
1.6948772848464317e-05
1.7516540134032678e-05
1.8100686936959755e-05
1.8701593016733544e-05
1.9319644135298776e-05
1.99552320835888e-05
2.0608754707069422e-05
2.1280615930098377e-05
2.1971225779193905e-05
2.2681000405101715e-05
2.341036210387449e-05
2.4159739336724716e-05
2.492956674881382e-05
2.5720285186916587e-05
2.6532341716068622e-05
2.7366189635003123e-05
2.8222288490676242e-05
2.91011040915602e-05
3.0003108520069213e-05
3.092878014378222e-05
3.1878603625792256e-05
3.285306993400702e-05
3.385267634945989e-05
3.487792647365112e-05
3.5929330235065016e-05
3.70074038945979e-05
3.811267005027445e-05
3.924565764100718e-05
4.040690194950672e-05
4.159694460451497e-05
4.281633358212991e-05
4.406562320642363e-05
4.534537414946376e-05
4.6656153430459684e-05
4.799853441455643e-05
4.937309681070362e-05
5.07804266692751e-05
5.222111637895705e-05
5.3695764663391796e-05
5.520497657706458e-05
5.674936350125479e-05
5.832954313924778e-05
5.9946139511545476e-05
6.159978295073596e-05
6.329111009628009e-05
6.502076388907486e-05
6.678939356607228e-05
6.859765465485965e-05
7.044620896836947e-05
7.23357245996069e-05
7.426687591671124e-05
7.624034355826505e-05
7.825681442887873e-05
8.031698169537181e-05
8.242154478310376e-05
8.45712093733603e-05
8.676668740093796e-05
8.900869705281897e-05
9.129796276740584e-05
9.363521523490101e-05
9.602119139837528e-05
9.845663445631967e-05
0.00010094229386604221
0.00010347892534852154
0.00010606729089464142
0.00010870815877289131
0.00011140230353842577
0.00011415050604424734
0.00011695355345399051
0.00011981223925633473
0.00012272736328197562
0.0001256997317223119
0.00012873015715057052
0.00013181945854537138
0.00013496846131658951
0.000138177997334035
0.000141448904958859
0.0001447820290778367
0.0001481782211405113
0.00015163833919984977
0.00015516324795579827
0.00015875381880270668
0.00016241092987979966
0.00016613546612579682
0.0001699283193374455
0.0001737903882314621
0.000177722578511555
0.00018172580293897422
0.00018580098140808196
0.00018994904102608915
0.00019417091619809219
0.00019846754871661118
0.0002028398878568857
0.00020728889047647608
0.0002118155211212935
0.0002164207521368442
0.00022110556378501342
0.0002258709443676104
0.00023071789035508636
0.00023564740652257866
0.00024066050609151873
0.0002457582108786926
0.0002509415514517794
0.0002562115672922061
0.00026156930696500324
0.000267015828296043
0.0002725521985578139
0.0002781794946614855
0.00028389880335828553
0.00028971122144879827
0.0002956178560000409
0.00030161982457231027
0.00030771825545381127
0.0003139142879048682
0.000320209072411233
0.0003266037709470802
0.000333099557247088
0.0003396976170893248
0.0003463991485867433
0.00035320536249128183
0.0003601174825056146
0.0003671367456083477
0.00037426440238861274
0.00038150171739201056
0.0003888499694785301
0.00039631045219180617
0.0004038844741405606
0.00041157335939101455
0.0004193784478737582
0.00042730109580118783
0.00043534267609917965
0.00044350457885111
0.0004517882117554989
0.00046019500059715887
0.00046872638973273755
0.0004773838425895534
0.0004861688421790997
0.0004950828916259454
0.0005041275147103541
0.0005133042564272965
0.0005226146835596557
0.0005320603852690381
0.0005416429737002287
0.0005513640846045379
0.0005612253779780223
0.0005712285387176466
0.000581375277293954
0.0005916673304415101
0.0006021064618684553
0.0006126944629827705
0.000623433153637135
0.0006343243828942177
0.0006453700298098618
0.0006565720042354135
0.0006679322476426333
0.0006794527339654251
0.0006911354704649742
0.0007029824986146729
0.0007149958950073072
0.0007271777722829774
0.0007395302800806059
0.0007520556060113789
0.0007647559766549013
0.0007776336585805218
0.0007906909593906236
0.0008039302287901458
0.0008173538596789472
0.0008309642892723208
0.0008447640002446802
0.0008587555219012234
0.0008729414313757819
0.0008873243548562414
0.0009019069688384235
0.0009166920014071091
0.0009316822335463661
0.0009468805004810781
0.0009622896930468205
0.0009779127590908343
0.0009937527049049182
0.0010098125966888877
0.0010260955620493319
0.001042604791528536
0.001059343540169276
0.0010763151291131197
0.0010935229472358108
0.0011109704528156092
0.0011286611752414212
0.0011465987167568873
0.0011647867542429738
0.00118322904103942
0.0012019294088069163
0.0012208917694287653
0.0012401201169551217
0.0012596185295890253
0.00127939117171588
0.001299442295977858
0.001319776245391267
0.0013403974555141651
0.0013613104566560829
0.0013825198761398874
0.001404030440609602
0.0014258469783928658
0.0014479744219086576
0.0014704178101332757
0.001493182291116353
0.0015162731245516074
0.0015396956844062745
0.0015634554616055136
0.0015875580667740583
0.0016120092330417443
0.0016368148189071475
0.0016619808111620548
0.0016875133278853331
0.001713418621496094
0.0017397030818777554
0.0017663732395685593
0.0017934357690219597
0.0018208974919411512
0.0018487653806807352
0.001877046561731009
0.0019057483192706543
0.0019348780988065867
0.001964443510886045
0.0019944523348938577
0.0020249125229363117
0.0020558322038063404
0.002087219687038666
0.0021190834670566177
0.0021514322274090157
0.002184274845102028
0.0022176203950286127
0.002251478154494558
0.00228585760785105
0.002320768451222137
0.0023562205973507093
0.0023922241805430697
0.0024287895617278103
0.002465927333634829
0.002503648326083516
0.0025419636113956957
0.0025808845099275354
0.0026204225957376895
0.0026605897023695
0.0027013979287791963
0.0027428596453901843
0.0027849875002949405
0.0028277944255916845
0.0028712936438712575
0.0029154986748573014
0.0029604233421889163
0.003006081780378801
0.003052488441910597
0.0030996581045229037
0.003147605878652055
0.003196347215045515
0.003245897912567837
0.0032962741261760393
0.0033474923750888078
0.003399569551150483
0.003452522927384503
0.0035063701667638696
0.003561129331169415
0.003616818890580126
0.003673457732471422
0.0037310651714414084
0.0037896609590636044
0.0038492652939809266
0.003909898832237681
0.003971582697859272
0.004034338493690662
0.004098188312486634
0.0041631547482855
0.004229260908037789
0.004296530423537123
0.004364987463618075
0.004434656746668895
0.004505563553441186
0.004577733740161597
0.004651193751983225
0.004725970636749497
0.004802092059086961
0.004879586314870888
0.004958482346018002
0.00503880975564247
0.005120598823601087
0.005203880522413229
0.005288686533549356
0.0053750492641520325
0.00546300186414681
0.005552578243783037
0.00564381309160295
0.005736741892842227
0.005831400948312651
0.005927827393711239
0.006026059219441213
0.006126135290900237
0.006228095369268577
0.006331980132821049
0.006437831198762974
0.006545691145587678
0.006655603536015833
0.006767612940472668
0.00688176496115774
0.006998106256711784
0.0071166845674884285
0.007237548741437377
0.007360748760661478
0.0074863357685811495
0.00761436209781588
0.007744881298721098
0.007877948168649307
0.008013618781916148
0.008151950520528235
0.008293002105648857
0.008436833629847028
0.008583506590167742
0.008733083921947998
0.008885630033571741
0.009041210841979109
0.009199893809128695
0.009361747979313075
0.009526844017425968
0.00969525424814994
0.009867052696134455
0.01004231512714115
0.010221119090236418
0.010403543960993708
0.010589670985796046
0.010779583327203312
0.010973366110461121
0.011171106471167362
0.011372893604078
0.011578818813195658
0.011788975563010754
0.012003459531086893
0.012222368661902407
0.012445803222075025
0.012673865856906797
0.01290666164836912
0.013144298174535315
0.013386885570470993
0.013634536590657519
0.013887366672980236
