0.017650904154294732
0.0289591023994864
0.0357533734418051
0.0393792173247198
0.040819012219165465
0.040784145133075614
0.03978511854283542
0.03818451313255234
0.03623672350960093
0.03411757364046789
0.031946249465047205
0.02980144178280111
0.027733155925999665
0.02577129907735551
0.02393188564375085
0.022221491800385
0.02064042996192953
0.019184992191722462
0.017849019884535237
0.016624988526696836
0.015504745432032672
0.014480000747246697
0.013542644371740744
0.012684941189937559
0.011899642240417918
0.011180038698727572
0.01051997775765705
0.009913853854537991
0.009356584637004903
0.00884357814739582
0.008370695628759174
0.007934212882415453
0.007530782070905284
0.007157395138994793
0.006811349529199774
0.0064902165330516
0.006191812397129634
0.005914172160073307
0.005655526108599652
0.005414278689953528
0.005188989692067637
0.004978357493299859
0.0047812041845528615
0.004596462373584651
0.004423163492557208
0.004260427442426895
0.004107453421989257
0.003963511802953636
0.0038279369263108094
0.0037001207081773305
0.003579506955956631
0.003465586306973267
0.003357891712674069
0.003255994401226296
0.0031595002602944305
0.003068046589690549
0.002981299180726879
0.0028989496852770444
0.0028207132428483476
0.002746326338596431
0.0026755448689592546
0.0026081423948375367
0.0025439085648367742
0.0024826476931273504
0.0024241774782578765
0.00236832785060339
0.002314939937084007
0.0022638651328385564
0.002214964270174213
0.002168106875695192
0.0021231705071401855
0.0020800401619337364
0.0020386077499531664
0.0019987716235061515
0.0019604361579542927
0.0019235113770215465
0.001887912617159028
0.0018535602259567255
0.0018203792899818146
0.0017882993879288255
0.001757254365378522
0.0017271821278762387
0.0016980244494355352
0.001669726793915454
0.0016422381470173096
0.0016155108569593714
0.0015895004821606011
0.0015641656444188748
0.001539467886390313
0.0015153715322815853
0.0014918435508674403
0.0014688534201471285
0.001446372993059584
0.0014243763638623359
0.0014028397349249246
0.001381741283803056
0.001361061030650756
0.0013407807061001959
0.0013208836198871881
0.0013013545306498728
0.0012821795173608005
0.0012633458529893585
0.0012448418810486431
0.001226656895732069
0.0012087810263522974
0.001191205126850708
0.0011739206710832258
0.0011569196545747904
0.0011401945034016222
0.0011237379907283501
0.0011075431614981906
0.0010916032656325826
0.00107591169999119
0.0010604619592218035
0.0010452475954952725
0.0010302621870201276
0.0010154993150630173
0.001000952549120131
0.0009866154397673243
0.0009724815186054691
0.0009585443046580549
0.0009447973164738776
0.0009312340891865763
0.0009178481956930289
0.0009046332711350054
0.0008915830398374381
0.0008786913438946591
0.0008659521726155004
0.0008533596920566889
0.0008409082739734726
0.0008285925235313742
0.0008164073052341982
0.0008043477665561903
0.0007924093588899132
0.0007805878554710983
0.0007688793660359154
0.0007572803480419993
0.0007457876143617704
0.0007343983374370897
0.0007231100499255552
0.0007119206419619089
0.0007008283551839463
0.0006898317737313266
0.0006789298124608074
0.000668121702647963
0.0006574069754733368
0.0006467854435988013
0.000636257181159747
0.0006258225024846281
0.0006154819398652352
0.0006052362206800837
0.0005950862441689197
0.0005850330581298822
0.0005750778357998396
0.0005652218531485526
0.0005554664667968357
0.00054581309274239
0.0005362631860499094
0.0005268182216394784
0.0005174796762756188
0.0005082490118447817
0.0004991276599718367
0.0004901170080200142
0.0004812183864844314
0.0004724330577810403
0.00046376220641084745
0.00045520693046701956
0.00044676823444165766
0.0004384470232739804
0.000430244097580336
0.0004221601499923466
0.00041419576253236366
0.00040635140494519337
0.00039862743390972833
0.0003910240930490165
0.0003835415136618385
0.00037617971609688435
0.00036893861169832494
0.0003618180052496849
0.0003548175978510624
0.0003479369901663943
0.0003411756859834438
0.0003345330960337858
0.0003280085420235993
0.00032160126083304795
0.00031531040884414703
0.00030913506636299213
0.00030307424210643827
0.0002971268777248088
0.00029129185233938386
0.0002855679870728703
0.000279954049556485
0.0002744487583975735
0.00026905078759521995
0.000263758770892308
0.0002585713060535993
0.00025348695906080644
0.00024850426821613185
0.0002436217481469557
0.0002388378937033019
0.00023415118374155253
0.0002295600847867187
0.00022506305456611628
0.00022065854540726944
0.00021634500749246507
0.00021212089196275644
0.00020798465386386798
0.00020393475492666934
0.00019996966617511725
0.00019608787035474293
0.00019228786417515515
0.00018856816036068265
0.00018492728950340038
0.0001813638017147202
0.00017787626807117186
0.00017446328185204143
0.0001711234595674689
0.00016785544177656738
0.00016465789369660537
0.00016152950560565917
0.00015846899304258007
0.0001554750968096295
0.0001525465827841132
0.00014968224154745637
0.00014688088784102957
0.0001441413598593199
0.00014146251839293437
0.00013884324583396856
0.00013628244505824912
0.00013377903819951115
0.00013133196533110213
0.00012894018307167012
0.00012660266313172213
0.00012431839081807105
0.00012208636351338582
0.00011990558914793058
0.00011777508468050666
0.00011569387460488907
0.00011366098949796332
0.00011167546462460839
0.00010973633861379553
0.00010784265221935928
0.0001059934471777914
0.00010418776517417724
0.00010242464692621742
0.00010070313139486923
9.902225512876165e-05
9.738105174807571e-05
9.577855157221873e-05
9.421378139391814e-05
9.268576440133777e-05
9.119352024776344e-05
8.973606526763998e-05
8.83124128359839e-05
8.692157386699665e-05
8.556255744662358e-05
8.423437159251797e-05
8.293602413394901e-05
8.16665237031416e-05
8.042488082883977e-05
7.921010912212054e-05
7.802122654372862e-05
7.685725674203799e-05
7.571723045001642e-05
7.460018692952956e-05
7.350517545116932e-05
7.243125679756304e-05
7.137750477846792e-05
7.034300774587339e-05
6.93268700977797e-05
6.832821375954156e-05
6.734617963221023e-05
6.637992899775651e-05
6.542864487159846e-05
6.449153329371861e-05
6.356782454990987e-05
6.265677431593002e-05
6.175766471776012e-05
6.0869805302017476e-05
5.9992533911507966e-05
5.912521746160772e-05
5.8267252613967325e-05
5.7418066344974475e-05
5.657711640704173e-05
5.5743891681750936e-05
5.491791242448842e-05
5.4098730401032194e-05
5.328592891725928e-05
5.2479122743701965e-05
5.1677957937425625e-05
5.0882111564154e-05
5.009129132425609e-05
4.9305235086439244e-05
4.8523710333694333e-05
4.774651352621242e-05
4.6973469386417415e-05
4.6204430111479846e-05
4.543927451892977e-05
4.467790713115644e-05
4.3920257204681333e-05
4.316627771019391e-05
4.24159442693422e-05
4.166925405429683e-05
4.092622465604075e-05
4.01868929272004e-05
3.945131380520814e-05
3.8719559121378265e-05
3.799171640125266e-05
3.7267887661471577e-05
3.654818820811618e-05
3.583274544123258e-05
3.512169767004841e-05
3.4415192943006686e-05
3.371338789659528e-05
3.301644662650467e-05
3.232453958451169e-05
3.163784250405634e-05
3.095653535724381e-05
3.0280801345733068e-05
2.9610825927618974e-05
2.8946795882166422e-05
2.8288898414027954e-05
2.763732029816984e-05
2.699224706667426e-05
2.6353862238143335e-05
2.572234659034714e-05
2.5097877476470124e-05
2.4480628185103046e-05
2.3870767343965418e-05
2.3268458367150467e-05
2.267385894552266e-05
2.2087120579742365e-05
2.1508388155273075e-05
2.0937799558578752e-05
2.0375485333648965e-05
1.9821568377833326e-05
1.9276163675956814e-05
1.8739378071538233e-05
1.821131007392304e-05
1.769204970008387e-05
1.7181678349763223e-05
1.668026871264388e-05
1.618788470617492e-05
1.5704581442683786e-05
1.523040522437013e-05
1.4765393564797295e-05
1.4309575235473448e-05
1.3862970336131548e-05
1.342559038733558e-05
1.2997438444022448e-05
1.2578509228645708e-05
1.2168789282570414e-05
1.1768257134418143e-05
1.13768834840674e-05
1.0994631401049553e-05
1.0621456536105266e-05
1.0257307344698438e-05
9.902125321310364e-06
9.55584524337271e-06
9.218395423728499e-06
8.889697970540035e-06
8.569669053603371e-06
8.258219176056222e-06
7.955253450498542e-06
7.660671878592282e-06
7.374369633225956e-06
7.096237342374914e-06
6.826161373821041e-06
6.5640241199303514e-06
6.30970428172094e-06
6.063077151498639e-06
5.824014893358451e-06
5.592386820901074e-06
5.368059671540291e-06
5.150897876818227e-06
4.940763828178069e-06
4.737518137683586e-06
4.541019893207083e-06
4.351126907648388e-06
4.167695961775493e-06
3.990583040322681e-06
3.81964356100607e-06
3.6547325961632923e-06
3.4957050867460046e-06
3.3424160484372182e-06
3.19472076969291e-06
3.0524750015421005e-06
2.915535139009996e-06
2.783758394060878e-06
2.6570029599847495e-06
2.535128167183815e-06
2.417994630339321e-06
2.30546438696878e-06
2.197401027406399e-06
2.093669816266192e-06
1.9941378054683223e-06
1.8986739389317693e-06
1.8071491490571145e-06
1.7194364451409261e-06
1.6354109938817283e-06
1.5549501921538766e-06
1.477933732239466e-06
1.4042436597227399e-06
1.3337644242628544e-06
1.26638292347183e-06
1.2019885401332193e-06
1.140473173005761e-06
1.0817312614622277e-06
1.0256598042192137e-06
9.72158372417986e-07
9.211291173191491e-07
8.724767728764303e-07
8.261086534542957e-07
7.819346469557395e-07
7.39867203624017e-07
6.998213207803508e-07
6.617145237573695e-07
6.254668432834457e-07
5.910007895696033e-07
5.58241323344933e-07
5.271158240814266e-07
4.975540556426457e-07
4.694881295843509e-07
4.428524663278986e-07
4.175837544204551e-07
3.9362090808761604e-07
3.7090502327714635e-07
3.4937933238364714e-07
3.2898915783636986e-07
3.096818647237259e-07
2.9140681262007324e-07
2.7411530677151015e-07
2.577605487896526e-07
2.422975869936212e-07
2.2768326653257864e-07
2.1387617941286547e-07
2.0083661454610426e-07
1.8852650792650006e-07
1.7690939303844257e-07
1.6595035158769258e-07
1.556159646425534e-07
1.458742642643131e-07
1.3669468569965757e-07
1.2804802020123073e-07
1.1990636853627136e-07
1.1224309523744506e-07
1.0503278364417077e-07
9.825119177739003e-08
9.187520908555933e-08
8.588281409476473e-08
8.025303299119181e-08
7.496589915984149e-08
7.000241369926246e-08
6.534450692817589e-08
6.097500089625696e-08
5.687757290793486e-08
5.3036720064916576e-08
4.943772483019252e-08
4.6066621613564495e-08
4.291016437620296e-08
3.995579524942851e-08
3.7191614160777933e-08
3.460634945848488e-08
3.2189329523697694e-08
2.9930455358183036e-08
2.7820174133790723e-08
2.5849453688675222e-08
2.4009757954078566e-08
2.2293023294501806e-08
2.06916357431429e-08
1.9198409113733637e-08
1.7806563969225048e-08
1.6509707427211082e-08
1.5301813781508547e-08
1.4177205918943046e-08
1.3130537510096507e-08
1.2156775952557975e-08
1.1251186045087141e-08
1.0409314371026525e-08
9.626974369288457e-09
8.900232071292596e-09
8.22539248233788e-09
7.598986586030579e-09
7.017758950598352e-09
6.478655916140644e-09
5.978814342143684e-09
5.515550894886946e-09
5.086351854697929e-09
4.688863423370814e-09
4.320882512438136e-09
3.980347993390253e-09
3.6653323913454232e-09
3.37403400410895e-09
3.1047694289983595e-09
2.8559664802660106e-09
2.626157480408573e-09
2.4139729091221434e-09
2.2181353941280617e-09
2.037454028571842e-09
1.870819000169498e-09
1.7171965177501333e-09
1.5756240213175812e-09
1.4452056622224034e-09
1.3251080405028292e-09
1.2145561869144556e-09
1.1128297776250185e-09
1.0192595699997318e-09
9.332240483453479e-10
8.541462689163193e-10
7.814908939124785e-10
7.14761404615719e-10
6.534974842214631e-10
5.972725613195777e-10
5.456915053685929e-10
4.983884658853908e-10
4.5502484744141574e-10
4.1528741291381103e-10
3.788865077872324e-10
3.4555439863845747e-10
3.1504371926121207e-10
2.8712601820368933e-10
2.615904017948847e-10
2.3824226702922413e-10
2.169021189614213e-10
1.9740446753556438e-10
1.795967990340068e-10
1.6333861758284074e-10
1.4850055239211896e-10
1.3496352664011578e-10
1.2261798413265825e-10
1.1136317008047822e-10
1.011064625404947e-10
9.176275126052232e-11
8.325386085199705e-11
7.55080153915323e-11
6.845934172031662e-11
6.20474088702546e-11
5.6216801198064096e-11
5.091672295310619e-11
4.6100632142228256e-11
4.17259016851544e-11
3.7753505977684683e-11
3.414773109699219e-11
3.087590699422268e-11
2.7908160124450042e-11
2.5217185063178977e-11
2.277803375220172e-11
2.0567921105971903e-11
1.8566045792984334e-11
1.675342508518109e-11
1.5112742742338367e-11
1.3628208967972853e-11
1.228543153873923e-11
1.1071297270755758e-11
9.97386304404258e-12
8.9822556604006e-12
8.086579860871153e-12
7.277833876494847e-12
6.547831930655907e-12
5.8891331530086245e-12
5.2949764039597165e-12
4.759220545147542e-12
4.27628972536727e-12
3.841123283170995e-12
3.4491298969847318e-12
3.0961456411995336e-12
2.7783956324104614e-12
2.49245897392e-12
2.235236728891908e-12
2.0039226732507365e-12
1.795976598659291e-12
1.6090999537727064e-12
1.4412136285452183e-12
1.2904377017413059e-12
1.1550729860548417e-12
1.0335842184399995e-12
9.245847554792042e-13
8.268226449212807e-13
7.391679549785982e-13
6.606012526343257e-13
5.902031311366151e-13
5.271446950942334e-13
4.706789191886511e-13
4.201328035261389e-13
3.749002551106328e-13
3.3443563086706045e-13
2.982478831193725e-13
2.6589525346506205e-13
2.369804656196013e-13
2.1114637206105845e-13
1.8807201321460665e-13
1.6746905150626373e-13
1.4907854590818089e-13
1.3266803561825994e-13
1.180289042847276e-13
1.0497399872256952e-13
9.333547839038779e-14
8.296287402147333e-14
7.372133574642627e-14
6.549005282169822e-14
5.816082870220484e-14
5.1636796679097414e-14
4.583126265763026e-14
4.066666288517177e-14
3.607362556594309e-14
3.199012632578328e-14
2.8360728425763948e-14
2.513589947533061e-14
2.227139717107498e-14
1.9727717292633487e-14
1.7469597828717084e-14
1.5465573689301138e-14
1.3687576989729751e-14
1.2110578373462948e-14
1.0712265276806585e-14
9.472753435028244e-15
8.374328288463386e-15
7.401213272771293e-15
6.539362272469979e-15
5.7762737840071834e-15
5.100824576415852e-15
4.503120856391577e-15
3.974365142487897e-15
3.506737232004099e-15
3.093287805766077e-15
2.727843361995756e-15
2.4049213022667155e-15
2.1196541114928405e-15
1.867721681196173e-15
1.6452909220511042e-15
1.4489618989033899e-15
1.2757198000277385e-15
1.1228921231376493e-15
9.881105243522713e-16
8.692768336325407e-16
7.6453279174741655e-16
6.7223311017521795e-16
5.909214969970634e-16
5.193093292574226e-16
4.562566858688358e-16
4.007554853005613e-16
3.519144993550905e-16
3.089460386127547e-16
2.7115412688917837e-16
2.3792400155764505e-16
2.087127940642426e-16
1.830412606148983e-16
1.6048644702360894e-16
1.4067518424929598e-16
1.2327832236401003e-16
1.0800562072380574e-16
9.460122107796139e-17
8.283963836194198e-17
7.252221107369671e-17
6.347395952077817e-17
5.55408059268894e-17
4.858711547342463e-17
4.249352188821099e-17
3.7155005238561666e-17
3.247919319069561e-17
2.83848602092313e-17
2.4800602030872718e-17
2.1663665292928996e-17
1.891891446369425e-17
1.651792023798752e-17
1.4418155354378907e-17
1.2582285384840062e-17
1.09775434644115e-17
9.57517918725147e-18
8.34997301336838e-18
7.279808522872509e-18
6.345295735485884e-18
5.529439494583435e-18
4.8173476082226286e-18
4.195974054190451e-18
3.653893100834188e-18
3.1811006780727616e-18
2.7688397605006767e-18
2.409446903014321e-18
2.096217404465068e-18
1.8232868713223214e-18
1.5855272156070629e-18
1.3784553532798155e-18
1.1981530742973106e-18
1.0411967367421578e-18
9.04595597504795e-19
7.857377333719877e-19
6.823426311945354e-19
5.924196359757361e-19
5.142315429284101e-19
4.462627052917192e-19
3.8719110530706674e-19
3.3586390240342696e-19
2.912760313785395e-19
2.525514751090818e-19
2.1892688189604554e-19
1.8973723767786486e-19
1.6440333866136522e-19
1.424208409982417e-19
1.2335069147190132e-19
1.0681076720015772e-19
9.246857349411774e-20
8.003486758861044e-20
6.92580922800325e-20
5.99195178426229e-20
5.18290031821734e-20
4.48212982364927e-20
3.875281932972244e-20
3.349883769596986e-20
2.8951028850246054e-20
2.5015337028381366e-20
2.1610114653582954e-20
1.866450181413494e-20
1.6117015140747702e-20
1.39143193293035e-20
1.2010157932248427e-20
1.0364422998396157e-20
8.942345728252436e-21
7.713792575591666e-21
6.652653205890714e-21
5.7363084534108465e-21
4.945167932100365e-21
4.262268278041856e-21
3.672924156701727e-21
3.1644251775275268e-21
2.7257727397885945e-21
2.3474516029537596e-21
2.0212316464058524e-21
1.7399958691944038e-21
1.497591191612331e-21
1.2886990660787077e-21
1.1087232933848794e-21
9.536927790517393e-22
8.20177259669969e-22
7.052142861996619e-22
6.0624597512372175e-22
5.21064233319857e-22
4.477633322331509e-22
3.846988546318358e-22
3.304521657342284e-22
2.83799672272425e-22
2.43686230260687e-22
2.0920214674277475e-22
1.7956329424334845e-22
1.5409392047336651e-22
1.3221179128699206e-22
1.134153530446447e-22
9.727264235241393e-23
8.341170744775917e-23
7.15123370055744e-23
6.129891947387761e-23
5.25342797606093e-23
4.5014360657636746e-23
3.856363421834338e-23
3.303114376119501e-23
2.8287090566238076e-23
2.4219890936919578e-23
2.0733639352315697e-23
1.774592214071211e-23
1.5185933643024348e-23
1.2992853359100749e-23
1.1114448216281531e-23
9.505868984849587e-24
8.128614090699398e-24
6.949637729959024e-24
5.940582349897857e-24
5.0771182916006974e-24
4.33837575016949e-24
3.70645624750451e-24
3.1660125742788277e-24
2.7038876790270267e-24
2.308804295803205e-24
1.971098235728578e-24
1.682489246320988e-24
1.4358841868412071e-24
1.2252079962660924e-24
1.0452585586875926e-24
8.915821126023643e-25
7.603663175146986e-25
6.483484937389867e-25
5.527368980911296e-25
4.711431969310796e-25
4.0152455536097304e-25
3.4213398298785435e-25
2.9147776745204463e-25
2.4827899114939435e-25
2.1144626790574387e-25
1.8004695796317587e-25
1.5328422423976016e-25
1.3047738278648932e-25
1.1104507771862197e-25
9.449087739712785e-26
8.039094579082042e-26
6.838349206334058e-26
5.815974362417328e-26
4.945622412635704e-26
4.204814901856391e-26
3.5743777982875207e-26
3.0379586529941345e-26
2.581613871141844e-26
2.1934559803564826e-26
1.8633522309003158e-26
1.5826671054806097e-26
1.34404238252461e-26
1.1412093107381814e-26
9.688282362260131e-27
8.223516949060021e-27
6.979075582861352e-27
5.921993135582513e-27
5.024209811272504e-27
4.2618453421409506e-27
3.6145799469594806e-27
3.0651264430458696e-27
2.5987801706512894e-27
2.2030353289231422e-27
1.8672579825963277e-27
1.5824074184212465e-27
1.3407987445682426e-27
1.135900664429223e-27
9.621632437263555e-28
8.148712483611368e-28
6.900192786123927e-28
5.8420547906464785e-28
4.945410766828098e-28
4.185734034327878e-28
3.5422040480366137e-28
2.9971493007707174e-28
2.53557351554918e-28
2.1447527446936235e-28
1.813892823294245e-28
1.5338381859727807e-28
1.296824387614455e-28
1.0962678043962228e-28
9.265869597053082e-29
7.830507449395785e-29
6.61649508661938e-29
5.589855870431093e-29
4.721803592584374e-29
3.987953465598759e-29
3.367652442704474e-29
2.8434109145888466e-29
2.400420516677759e-29
2.0261450671908383e-29
1.709973602162465e-29
1.442926129467323e-29
1.217404132614214e-29
1.0269790533513696e-29
8.662130012185718e-30
7.305068047261028e-30
6.1597125554594816e-30
5.193180233104269e-30
4.377672508096201e-30
3.6896929159349314e-30
3.1093843617720962e-30
2.6199679938733758e-30
2.207268185420265e-30
1.859310474992726e-30
1.5659813140955841e-30
1.3187401660913536e-30
1.110375940304204e-30
9.348009664637673e-31
7.868767509170797e-31
6.62266635058029e-31
5.573112219465902e-31
4.689230692814719e-31
3.944976828875218e-31
3.3183829924371033e-31
2.7909233068113402e-31
2.34697673222181e-31
1.973373535357373e-31
1.659012257206605e-31
1.3945362702845173e-31
1.172060696523344e-31
9.849418797382454e-32
8.27582810956208e-32
6.952689243460758e-32
5.840295442551243e-32
4.9052099390951476e-32
4.1192799399062726e-32
3.4588050177020205e-32
2.9038358337965495e-32
2.4375828546465563e-32
2.0459178841910945e-32
1.7169539047867495e-32
1.440690977026539e-32
1.208717856526959e-32
1.013960597780653e-32
8.504707770495582e-33
7.132471166475784e-33
5.980852645300057e-33
5.014513035292465e-33
4.203752572646205e-33
3.5236144449927836e-33
2.9531302726997192e-33
2.4746851462698457e-33
2.0734833526972887e-33
1.737098888620027e-33
1.4550973591518656e-33
1.2187179706485453e-33
1.0206061044220228e-33
8.545884581666864e-34
7.154840061635729e-34
5.9894509499471455e-34
5.013238895987445e-34
4.195601412649725e-34
3.510868867453663e-34
2.937512247516377e-34
2.457477684675795e-34
2.055627536592118e-34
1.7192710272678708e-34
1.4377701508832266e-34
1.2022088159659315e-34
1.0051151200581482e-34
8.402282549793448e-35
7.023028973623763e-35
5.86945078708273e-35
4.904744877442122e-35
4.0980896402303787e-35
3.423676196013218e-35
2.8598959559529114e-35
2.3886593955956995e-35
1.994824923749076e-35
1.6657201180257044e-35
1.3907404428095183e-35
1.161012955024336e-35
9.691145105196879e-36
8.088356700155022e-36
6.749829196048832e-36
5.632130098814645e-36
4.698942160910722e-36
3.919901597750621e-36
3.269625358131706e-36
2.7268967912461595e-36
2.2739840066350338e-36
1.8960693796902157e-36
1.580772141928264e-36
1.3177489197633723e-36
1.0983595381464066e-36
9.153874621025598e-37
7.628059735551942e-37
6.3558262638531306e-37
5.2951573434292465e-37
4.410976619117222e-37
3.674005391788119e-37
3.059807347387167e-37
2.5479901795775717e-37
2.1215384224163986e-37
1.7662559997666547e-37
1.4703005071378584e-37
1.2237941797237927e-37
1.018498960136137e-37
8.475451383141779e-38
7.052047593985488e-38
5.867024375154785e-38
4.880574201416993e-38
4.059517573117069e-38
3.3762027447968683e-38
2.8075875424717097e-38
2.3344732293532075e-38
1.9408653198292027e-38
1.613440371813508e-38
1.3411012404636564e-38
1.1146061624444558e-38
9.262594521015554e-39
7.696536066801453e-39
6.394543020167708e-39
5.312211672679622e-39
4.412584026854059e-39
3.664902862183231e-39
3.0435743463314894e-39
2.527303694855329e-39
2.09837509902343e-39
1.7420519133142193e-39
1.446077077399029e-39
1.2002570718512897e-39
9.961154810610693e-40
8.266045516534184e-40
6.8586506595259085e-40
5.690264610504731e-40
4.720404677746369e-40
3.9154266450109934e-40
3.2473727524893505e-40
2.6930132065269325e-40
2.2330487997699065e-40
1.8514476380013015e-40
1.534893482900976e-40
1.272326980929567e-40
1.054564182452224e-40
8.739793662983564e-41
7.242413601693832e-41
6.000943591922249e-41
4.971757539843284e-41
4.1186473629907084e-41
3.411564967407236e-41
2.8255770025775396e-41
2.3399965038731433e-41
1.9376615691600434e-41
1.6043362405739515e-41
1.3282129436304168e-41
1.0994993148815301e-41
9.100751438285491e-42
7.53207562681678e-42
6.233146203967147e-42
5.1576904315562e-42
4.267353686708014e-42
3.530347934873033e-42
2.9203303005822015e-42
2.4154726642324014e-42
1.9976898300558278e-42
1.6519993097541115e-42
1.3659903363057592e-42
1.1293835197730134e-42
9.33665711841538e-43
7.717872666971402e-43
6.37911062834e-43
5.272044584631013e-43
4.3566685470087924e-43
3.599867875011151e-43
2.9742350444511396e-43
2.457088418529581e-43
2.0296593099893142e-43
1.67641854255441e-43
1.3845186331674694e-43
1.1433317935336736e-43
9.44067332177706e-44
7.794548445303035e-44
6.434819064480086e-44
5.311769173800385e-44
4.3842934068071813e-44
3.618409164235123e-44
2.986025230657966e-44
2.4639227710603827e-44
2.0329121655291964e-44
1.677135412213988e-44
1.3834890268389998e-44
1.141146674746912e-44
9.411643408555795e-45
7.761538002335476e-45
6.40012601942755e-45
5.277008081869057e-45
4.3505641165507164e-45
3.5864274597185056e-45
2.9562235686603676e-45
2.4365275609218572e-45
2.0080027030618334e-45
1.654688512056286e-45
1.3634125466858139e-45
1.1233044472583123e-45
9.253944902807681e-46
7.622819931521793e-46
6.2786144270358736e-46
5.170963217112478e-46
4.258323448723222e-46
3.5064325273907795e-46
2.8870350055637738e-46
2.376831617268815e-46
1.956611782500748e-46
1.6105376233494335e-46
1.3255530879980165e-46
1.090896369796427e-46
8.976976032140519e-47
7.386469544656811e-47
6.077208160227874e-47
4.999559554241534e-47
4.112632378164857e-47
3.3827400303721e-47
2.7821338517077754e-47
2.2879585950533913e-47
1.8813912518212611e-47
1.546931117339661e-47
1.2718145909354809e-47
1.0455328412829237e-47
8.594342936598817e-48
7.06397053913603e-48
5.805589905230846e-48
4.770953472830312e-48
3.9203553421681896e-48
3.221122089582569e-48
2.646369691953106e-48
2.173979735910943e-48
1.7857563083550994e-48
1.466731746464977e-48
1.2045950182211533e-48
9.892211163889075e-49
8.122836516374602e-49
6.669359656485804e-49
5.475486696397845e-49
4.4949364418334754e-49
3.689662921601699e-49
3.0283928384221417e-49
2.4854222563524063e-49
2.0396266664117735e-49
1.6736466678827997e-49
1.3732181723169885e-49
1.1266215312833772e-49
9.242285141072056e-50
7.581297887541932e-50
6.218286281484302e-50
5.099890914327331e-50
4.182290104689795e-50
3.4294982493957866e-50
2.811967195981566e-50
2.305436779705781e-50
1.88999022157353e-50
1.5492779460772242e-50
1.2698798470719842e-50
1.0407813535587009e-50
8.529430268702964e-51
6.989470237632717e-51
5.727067237029543e-51
4.6922825635512456e-51
3.844146701639499e-51
3.1490513160750936e-51
2.5794290042506602e-51
2.112669407758231e-51
1.7302294468847054e-51
1.4169029749111596e-51
1.1602213413313352e-51
9.499614425270841e-52
7.77742021074531e-52
6.366924119640186e-52
5.211807582248725e-52
4.26591038840739e-52
3.491401581193659e-52
2.8572791161501762e-52
2.33813929937652e-52
1.9131675818576567e-52
1.5653109629873513e-52
1.280599380360111e-52
1.0475893124589541e-52
8.569076234775072e-53
7.008776222072015e-53
5.732125433763987e-53
4.6876431632649e-53
3.8331766617587606e-53
3.134213818778847e-53
2.5625005381911703e-53
2.094907883164996e-53
1.7125039476954512e-53
1.3997935207865012e-53
1.1440952608449713e-53
9.35031553540583e-54
7.641107009308273e-54
6.243847591685497e-54
5.1016935117085316e-54
4.168142479023462e-54
3.405155347781679e-54
2.781618380407889e-54
2.2720844536921158e-54
1.8557426923658526e-54
1.5155751477185017e-54
1.2376666230449053e-54
1.0106398807076924e-54
8.251934908965407e-55
6.737236994752631e-55
5.500150654041826e-55
4.489873813967032e-55
3.6648865480745615e-55
2.9912577952008206e-55
2.4412604778727908e-55
1.992238942252486e-55
1.625682821810978e-55
1.3264697621059154e-55
1.0822462680555388e-55
8.829215214559325e-56
7.202535892774303e-56
5.875111860865244e-56
4.791972171630938e-56
3.908228357047455e-56
3.1872279883055755e-56
2.599045855388912e-56
2.1192511301147555e-56
1.7279001108962264e-56
1.408713337484531e-56
1.148403380995863e-56
9.361257626698245e-57
7.630304829250562e-57
6.218957540756052e-57
5.0682889226995e-57
4.13022073243005e-57
3.365529039771841e-57
2.742215996996145e-57
2.2341805753458653e-57
1.8201334572764412e-57
1.4827113067434762e-57
1.2077538393387399e-57
9.837138144400352e-58
8.011755464631509e-58
6.524620055302832e-58
5.313142324035267e-58
4.326297779593254e-58
3.522493161246992e-58
2.8678257103931082e-58
2.3346632598805944e-58
1.900486101655508e-58
1.5469424419216933e-58
1.2590781111798955e-58
1.024708428886174e-58
8.339060269915322e-59
6.785832567099732e-59
5.5215173737412485e-59
4.492448176291171e-59
3.654913401887641e-59
2.973312403165858e-59
2.41865253615258e-59
1.967324329028252e-59
1.6001033595099286e-59
1.3013369385841191e-59
1.0582814318264915e-59
8.605623578545568e-60
6.997345488177557e-60
5.689238543204592e-60
4.625352925118672e-60
3.7601534287343097e-60
3.0565835084934965e-60
2.4844886987107124e-60
2.019332789951727e-60
1.6411524753255084e-60
1.3337062326023359e-60
1.0837814015512368e-60
8.80630093844214e-61
7.155100152426015e-61
5.813107148350703e-61
4.722493900168907e-61
3.83623320492959e-61
3.116084036416465e-61
2.5309521802194036e-61
2.0555563391684144e-61
1.669342866670259e-61
1.3556028482877362e-61
1.1007538546104647e-61
8.93755694265119e-62
7.25635200839072e-62
5.89099732742862e-62
4.7822284718063125e-62
3.881886885751799e-62
3.150841384763975e-62
2.5572981447167784e-62
2.075426664852983e-62
1.6842427063910565e-62
1.3667002098262225e-62
1.108953146747762e-62
8.997555470451568e-63
7.299738699795794e-63
5.921907103449635e-63
4.803827544883915e-63
3.8965909273243015e-63
3.160485910393853e-63
2.5632713652515064e-63
2.0787728896962298e-63
1.6857426728055783e-63
1.366933357569362e-63
1.1083457864425819e-63
8.986180247964673e-64
7.285291631703902e-64
5.90596363193082e-64
4.787476473355371e-64
3.880562127954744e-64
3.145247159276492e-64
2.5491014050816903e-64
2.065816241272406e-64
1.674050480572196e-64
1.3564935878768158e-64
1.0991053425652914e-64
8.904987545644586e-65
7.2143927741389816e-65
5.8443842781556726e-65
4.734240364354176e-65
3.834726973466817e-65
3.10592698338451e-65
2.515479191183864e-65
2.037149749120705e-65
1.6496733686338973e-65
1.3358134116180333e-65
1.08159957300748e-65
8.757096401901547e-66
7.089681317833352e-66
5.739397461219933e-66
4.645997120236489e-66
3.7606651260012287e-66
3.0438519458563696e-66
2.4635170061811244e-66
1.9937046741483431e-66
1.613389978077166e-66
1.3055430327462488e-66
1.0563707798658505e-66
8.547024775560157e-67
6.914917192563587e-67
5.594129105260226e-67
4.5253430775181585e-67
3.660531093441914e-67
2.9608083646682052e-67
2.3946946756348392e-67
1.936705969555213e-67
1.5662135215487926e-67
1.2665199181696535e-67
1.0241106881419624e-67
8.28048232293096e-68
6.69481026080857e-68
5.41246195279684e-68
4.37547721026498e-68
3.536958984165789e-68
2.8589640228355797e-68
2.3107952562668364e-68
1.8676194839998086e-68
1.5093484655680174e-68
1.2197332779840526e-68
9.856313366002395e-69
7.964131973966232e-69
6.434825136943345e-69
5.198875867498185e-69
4.200070532249925e-69
3.392955759473473e-69
2.7407809580410906e-69
2.213833821046621e-69
1.7880938355720856e-69
1.4441431094747166e-69
1.1662853952825884e-69
9.418335575238953e-70
7.605333120882932e-70
6.140972039349256e-70
4.9582775751338446e-70
4.003127553144524e-70
3.231788543207441e-70
2.6089238380917594e-70
2.1059829921172568e-70
1.6998999130451813e-70
1.3720404539188307e-70
1.1073517413627119e-70
8.93674610660545e-71
7.211879069995953e-71
5.819593894889035e-71
4.695828094188704e-71
3.788846448017787e-71
3.0568713602834687e-71
2.4661682532607783e-71
1.989498711877948e-71
1.6048708158365669e-71
1.2945296223946354e-71
1.0441416978185004e-71
8.421364364309725e-72
6.791740534996736e-72
5.47715916004632e-72
4.4167754573322624e-72
3.5614840419473934e-72
2.8716561998670235e-72
2.3153128515590703e-72
1.8666493990323966e-72
1.504844753605537e-72
1.2130998542834806e-72
9.778615008055144e-73
7.881958203462166e-73
6.352825499313396e-73
5.120068609868524e-73
4.12629931213437e-73
3.325230867431635e-73
2.6795325964515634e-73
2.1590986592493744e-73
1.739651152010305e-73
1.4016130249568403e-73
1.1291987555696515e-73
9.09680748027416e-74
7.327975336822828e-74
5.9027639032567344e-74
4.754482803088424e-74
3.829372719185799e-74
3.0841005073729035e-74
2.483739063335357e-74
2.0001382237382286e-74
1.6106110835867756e-74
1.2968747203896754e-74
1.0441961048223681e-74
8.407034909258176e-75
6.768312552908114e-75
5.448723485098954e-75
4.3861751947587117e-75
3.530645047860551e-75
2.841836279765665e-75
2.287288770063902e-75
1.840856447765312e-75
1.4814802450392395e-75
1.192199285659007e-75
9.593540981261179e-76
7.719445981348894e-76
6.211128061471767e-76
4.997260886576376e-76
4.020414067512308e-76
3.234348410027766e-76
2.6018371368958286e-76
2.09291089679545e-76
1.6834442076424692e-76
1.3540169700527824e-76
1.0889975736575919e-76
8.758045059056878e-77
7.043117443778815e-77
5.663699602001096e-77
4.5542099696814295e-77
3.661874706898144e-77
2.9442286643076728e-77
2.3671035171985946e-77
1.903008184433547e-77
1.5298251122268957e-77
1.2297608761797258e-77
9.885015363728812e-78
7.94532831424536e-78
6.385930710552562e-78
5.132328477464163e-78
4.1246073058386275e-78
3.3145816527725487e-78
2.6635007454149085e-78
2.1402028634152122e-78
1.7196303785128756e-78
1.3816351019560649e-78
1.1100172355077107e-78
8.917522875689653e-79
7.16369224199943e-79
5.754502958379705e-79
4.6222875275805626e-79
3.712653083974566e-79
2.981879490850751e-79
2.394826982492176e-79
1.92325365156284e-79
1.5444625726500272e-79
1.2402140363606594e-79
9.958509879871596e-80
7.995959184981768e-80
6.419856248516174e-80
5.154168288936901e-80
4.137809313052914e-80
3.3217043022745813e-80
2.6664295538960747e-80
2.140316203793215e-80
1.717926089798335e-80
1.3788269156088326e-80
1.1066079906174028e-80
8.880893332555528e-81
7.126861827894103e-81
5.718984082601557e-81
4.589002884098699e-81
3.6821094853828203e-81
2.9542960900916475e-81
2.370229103247067e-81
1.9015407992299066e-81
1.5254571564954329e-81
1.2236957632694705e-81
9.815806829703668e-82
7.873316039863301e-82
6.31492985497625e-82
5.0647565117702697e-82
4.061886989390815e-82
3.257439472186688e-82
2.6121863539873376e-82
2.094649058505656e-82
1.6795685256787857e-82
1.3466773503983543e-82
1.0797141301235852e-82
8.656322821101786e-83
6.939649926175551e-83
5.5631551209731425e-83
4.459480757426763e-83
3.57459600159286e-83
2.8651621915293994e-83
2.2964186340780502e-83
1.8404861175652782e-83
1.4750056761661426e-83
1.18204640830857e-83
9.472292120581705e-84
7.590237862883477e-84
6.081846647501029e-84
4.872988082538194e-84
3.904227051982128e-84
3.127912853832831e-84
2.505844474114092e-84
2.0073980545204e-84
1.6080251278254578e-84
1.2880482655962323e-84
1.031695284416673e-84
8.263247939450917e-85
6.618052080912775e-85
5.300168332782396e-85
4.2445265951550264e-85
3.398983033083095e-85
2.7217542102833156e-85
2.179360156935423e-85
1.7449755037222245e-85
1.397107790098195e-85
1.118538077697718e-85
8.954718514383874e-86
7.168584983890865e-86
5.7384592109787644e-86
4.5934347159682135e-86
3.676717086636422e-86
2.9428174403174318e-86
2.355303615961046e-86
1.884998345318667e-86
1.5085356278240882e-86
1.2072041521377437e-86
9.660207318472236e-87
7.729880458181056e-87
