0.01765536723163842
0.026129943502824857
0.030190677966101694
0.03162517655367232
0.03153689971751413
0.030608613612288137
0.029264288433527543
0.027766082246424788
0.026272046363959883
0.024871114957130562
0.023605366884651827
0.02248519456992715
0.021500348792237754
0.02062832115817878
0.019840751782501654
0.019108201965089826
0.018403508226383255
0.017703911887927738
0.016992169172874005
0.01625685735340948
0.015492090297619266
0.01469684039009338
0.013874036680360845
0.013029576148668145
0.012171350704238531
0.011308360370165837
0.01044995522174343
0.009605226075715307
0.008782546869319573
0.007989259739748669
0.007231486306337108
0.006514044716867092
0.005840450782883751
0.005212982206095658
0.004632786814456418
0.004100018340789751
0.0036139861779567904
0.003173308439429613
0.00277606034893844
0.0024199123631735184
0.0021022544431189495
0.0018203045214576531
0.0015712004836130396
0.0013520759241196492
0.0011601206030621167
0.0009926269572321028
0.0008470242641966386
0.0007209021576188389
0.0006120251866451279
0.0005183400328463709
0.0004379768710912139
0.0003692462063592573
0.000310632352467517
0.0002607845523343899
0.00021850658053709595
0.0001827455224378001
0.00015258029269153478
0.0001272103403993675
0.0001059448881590179
8.819296654920726e-05
7.345443238479541e-05
6.13120963617408e-05
5.142503140640701e-05
4.3523085233380856e-05
3.740257766500917e-05
3.292312392071745e-05
3.0005488530510433e-05
2.8630340410429776e-05
2.883774805007238e-05
3.072722519581906e-05
3.445811268729103e-05
4.025006226863268e-05
4.838337441930928e-05
5.9198935698611066e-05
7.309750281955187e-05
9.053809147229604e-05
0.00011203524828351248
0.00013815501429753562
0.00016950942761278687
0.00020674946044275366
0.00025055634057239844
0.00030163126720626293
0.0003606835944622836
0.00042841761990753763
0.0005055181780645688
0.0005926352972182014
0.0006903682296975808
0.0007992492088850707
0.0009197273186211659
0.0010521528809528738
0.0011967627753098574
0.001353667095709517
0.0015228375325504141
0.001704097832546695
0.0018971166454764441
0.002101403011200227
0.0023163046767582466
0.0025410093634646758
0.0027745490301596992
0.003015807103615162
0.0032635285729676463
0.0035163327743078935
0.0037727286263447997
0.004031132020259004
0.004289885018038097
0.004547276474933634
0.004801563674019193
0.005050994544573845
0.005293830031199611
0.005528366186874196
0.00575295557988043
0.005966027630790978
0.006166107530243998
0.006351833429754519
0.006521971644790116
0.006675429660242634
0.006811266781696271
0.006928702330003053
0.00702712133019561
0.0071060776973769935
0.0071652949707694796
0.007204664691586158
0.007224242560009348
0.0072242425407174835
0.007205029114677983
0.0071671078971095635
0.007111114857553628
0.007037804388014546
0.006948036469385431
0.006842763185254915
0.006723014826175669
0.006589885817122028
0.006444520686786271
0.006288100280199892
0.006121828396573124
0.005946919012868089
0.0057645842310787565
0.0055760230640713865
0.005382411151681913
0.005184891476047382
0.004984566123297277
0.004782489118092082
0.004579660338369855
0.004377020500264644
0.004175447187656157
0.0039757518873022825
0.003778677979037645
0.00358489962109348
0.0033950214631618884
0.0032095791143068445
0.003029040289106264
0.0028538065533567497
0.002684215590132526
0.0025205439077977125
0.0023630099135529084
0.0022117772790797414
0.002066958528659337
0.0019286187846117716
0.0017967796098797776
0.0016714228929093672
0.0015524947255276785
0.001439909230163749
0.0013335522983893467
0.0012332852082841477
0.0011389480934708034
0.0010503632417559637
0.0009673382061021269
0.0008896687151009616
0.0008171413741957927
0.0007495361525895114
0.0006866286540684881
0.0006281921728710758
0.0005739995382395202
0.0005238247534283173
0.0004774444367184768
0.0004346390734264444
0.0003951940890229902
0.0003589007543167765
0.000325556934236657
0.00029496769209360474
0.00026694576134470287
0.0002413118968447084
0.0002178951173811545
0.00019653285097123304
0.00017707099397570208
0.00015936389457812893
0.00014327427060629682
0.00012867307105406093
0.00011543929001210795
0.00010345974104858598
9.2628799407562e-05
8.284811872477523e-05
7.402632830500724e-05
6.607871637042031e-05
5.8926904080328794e-05
5.249851454429257e-05
4.6726840505537693e-05
4.155051386270881e-05
3.691317972624536e-05
3.2763177271815396e-05
2.9053229257212655e-05
2.5740141710337547e-05
2.2784514973249188e-05
2.0150466999463306e-05
1.780536954693954e-05
1.571959768572655e-05
1.3866292844937831e-05
1.2221139456555352e-05
1.0762155111320523e-05
9.469494022530602e-06
8.325263494808094e-06
7.313353014776153e-06
6.419275517090627e-06
5.630020330563119e-06
4.933917273387507e-06
4.320511342101521e-06
3.780447424338799e-06
3.3053644592480973e-06
2.887798470380318e-06
2.521093902712967e-06
2.199322707235128e-06
1.9172106322233042e-06
1.670070199163263e-06
1.4537398624840917e-06
1.2645288752277817e-06
1.0991674069287646e-06
9.547614848450092e-07
8.287523548654689e-07
7.188798835764868e-07
6.231496478238366e-07
5.398033824273993e-07
4.672924803102875e-07
4.0425426205060687e-07
3.4949075364473466e-07
3.019497320092394e-07
2.607078173933417e-07
2.249554103964388e-07
1.9398328867519064e-07
1.6717069468763454e-07
1.4397476097499625e-07
1.2392113355347885e-07
1.0659566701401161e-07
9.163707694954462e-08
7.873044639327058e-08
6.760149310637193e-08
5.801151385174697e-08
4.975293028257464e-08
4.264536881363522e-08
3.653221388048805e-08
3.127758037713017e-08
2.6763656845430808e-08
2.2888376216228225e-08
1.9563375617249173e-08
1.6712211009354045e-08
1.4268796230084567e-08
1.2176039449672168e-08
1.038465311470935e-08
8.852116201305032e-09
7.54177005308566e-09
6.422031267911312e-09
5.465707046494137e-09
4.64940014993978e-09
3.952992153343175e-09
3.3591950487637714e-09
2.8531624612897213e-09
2.4221528128821142e-09
2.0552377151679903e-09
1.7430497078007117e-09
1.4775641955831753e-09
1.2519110862158513e-09
1.0602122011390495e-09
8.974410333293222e-10
7.59301866009004e-10
6.421256521187256e-10
5.427803924159317e-10
4.585940458371354e-10
3.87288264319774e-10
3.2692147008369716e-10
2.758399903831177e-10
2.3263613646768978e-10
1.9611226304226237e-10
1.6524997463521264e-10
1.39183758398111e-10
1.1717842110196737e-10
9.86097933486042e-11
8.29482379344142e-11
6.974456334133883e-11
5.861799876159278e-11
4.9245935006104965e-11
4.135517708041685e-11
3.471448999154182e-11
2.9128250222787655e-11
2.4431041933044493e-11
2.04830598716209e-11
1.7166200744682198e-11
1.4380741755922455e-11
1.2042519647111771e-11
1.0080536109099189e-11
8.434926203229486e-12
7.055235671846164e-12
5.898960936738072e-12
4.9303123696353755e-12
4.119167227939754e-12
3.4401836189387113e-12
2.8720511052271735e-12
2.3968571950895662e-12
1.9995520622078678e-12
1.6674964850903145e-12
1.3900802533081994e-12
1.1584002110901707e-12
9.64988747274213e-13
8.035849354525461e-13
6.689417148847117e-13
5.566635118563586e-13
4.630695587185328e-13
3.850788961975151e-13
3.2011366283552683e-13
2.660177999521726e-13
2.2098874527276638e-13
1.8352006527842238e-13
1.5235329557165548e-13
1.264375287991561e-13
1.0489551832738253e-13
8.699525922714794e-14
7.212617155311898e-14
5.977914896521228e-14
4.952985230985913e-14
4.102472615564054e-14
3.396929925806842e-14
2.8118399887531636e-14
2.3267975906932342e-14
1.9248259138957547e-14
1.5918055364088155e-14
1.3159976464369905e-14
1.0876460811424001e-14
8.98645286714383e-15
7.422633863302676e-15
6.129112978329669e-15
5.0595031647412975e-15
4.175318145660351e-15
3.4446374701697364e-15
2.840995212535513e-15
2.342455187258859e-15
1.930841655951358e-15
1.5910996129854027e-15
1.3107630145070356e-15
1.0795128940678933e-15
8.888103007940694e-16
7.315914975875737e-16
6.020149470744076e-16
4.952513588041867e-16
4.073095287361574e-16
3.3489191842514516e-16
2.7527493604295703e-16
2.2620972753530373e-16
1.8583999154438576e-16
1.5263391943561258e-16
1.2532785127970093e-16
1.0287964621054606e-16
8.443010479285044e-17
6.9271063250497e-17
5.681901411634361e-17
4.65933029914901e-17
3.8198113263293286e-17
3.1307585346786706e-17
2.56535288886353e-17
2.1015279245824082e-17
1.7211326622692733e-17
1.4092410185888323e-17
1.153582249729782e-17
9.440713558450408e-18
7.724220184186557e-18
6.318276598029888e-18
5.166987130458839e-18
4.224462588492869e-18
3.4530389853767362e-18
2.8218114829921547e-18
2.3054281136261238e-18
1.8830975324662004e-18
1.5377730565984634e-18
1.2554818597800243e-18
1.024773654777716e-18
8.362677054968739e-19
6.822807342297446e-19
5.565213616068877e-19
4.538392512258992e-19
3.7001922097842147e-19
3.01612306175688e-19
2.4579717968367543e-19
2.0026650433836957e-19
1.6313375665896385e-19
1.3285685445356267e-19
1.0817557417178817e-19
8.80602814538939e-20
7.166994060636278e-20
5.83177324933963e-20
4.7442909425980866e-20
3.858776148134931e-20
3.1378770715472396e-20
2.5511195703635876e-20
2.0736465156401133e-20
1.685187127939341e-20
1.3692145414507245e-20
1.112257388899652e-20
9.033373847012573e-21
7.335099563774112e-21
5.954891334686392e-21
4.8334131257666525e-21
3.922353111981292e-21
3.182384121198566e-21
2.581499750945912e-21
2.093657278326204e-21
1.6976710522553492e-21
1.3763103439302628e-21
1.1155640483028172e-21
9.040415144687994e-22
7.324844136013303e-22
5.933691567545638e-22
4.805831379126922e-22
3.891611528084737e-22
3.1507085640840057e-22
2.550381740492529e-22
2.0640525693144624e-22
1.6701494072315596e-22
1.3511678262818527e-22
1.092906634169755e-22
8.838468424062306e-23
7.146469431042748e-23
5.777327988537765e-23
4.6696448027654877e-23
3.773656706234824e-23
3.0490393337159276e-23
2.4631231930951124e-23
1.9894456559614522e-23
1.6065758545976e-23
1.2971612455639831e-23
1.0471541828413578e-23
8.451846414333833e-24
6.820515764508441e-24
5.503105629065501e-24
4.439395577593693e-24
3.580680374628471e-24
2.8875753749279525e-24
2.3282387405593143e-24
1.8769315933856767e-24
1.5128520915361559e-24
1.2191914992488081e-24
9.823701288911335e-25
7.914189973781876e-25
6.374795026614392e-25
5.133986708934047e-25
4.134017801255664e-25
3.328276180039331e-25
2.679144300953648e-25
2.156268850708559e-25
1.7351622280996134e-25
1.3960724264815585e-25
1.123069973059511e-25
9.033103696863142e-26
7.264384091882829e-26
5.841071627368705e-26
4.695896331515612e-26
3.7746527803676255e-26
3.0336701329513205e-26
2.4377706425501854e-26
1.9586226197040966e-26
1.5734118636498956e-26
1.263770169659332e-26
1.0149113177572146e-26
8.149344863540225e-27
6.54262743874003e-27
5.251905018852558e-27
4.2151884738415054e-27
3.382617387021768e-27
2.714093342627246e-27
2.1773737602650375e-27
1.7465369119614844e-27
1.400746046841585e-27
1.1232545029639257e-27
9.006049466971339e-28
7.219849656022103e-28
5.787085699893476e-28
4.637990696430183e-28
3.716535591179076e-28
2.977730883901743e-28
2.3854569388619913e-28
1.9107196204371293e-28
1.5302480986433064e-28
1.225367882483487e-28
9.810952000276028e-29
7.854093639351517e-29
6.28668232737685e-29
5.031386992527279e-29
4.026196286676747e-29
3.221390886699889e-29
2.577112709359903e-29
2.0614136532487087e-29
1.6486895063991302e-29
1.3184231789954907e-29
1.0541763158279415e-29
8.427803205794458e-30
6.736874537116054e-30
5.384504065947138e-30
4.3030497609471324e-30
3.438354634933966e-30
2.747064387278812e-30
2.1944773808041905e-30
1.7528215557367213e-30
1.3998737006327601e-30
1.1178532160585114e-30
8.92535927196768e-31
7.1254427451880525e-31
5.687788581350984e-31
4.539632501264531e-31
3.6227955653168897e-31
2.89076677067556e-31
2.3063679327766894e-31
1.8398848909317647e-31
1.467572118432718e-31
1.1704562907746078e-31
9.333791747350232e-32
7.442320710972857e-32
5.93343556682745e-32
4.72989894069611e-32
3.7700358459495737e-32
3.0046043257112885e-32
2.3942940720512607e-32
1.9077272686765933e-32
1.5198610318221463e-32
1.2107109421830031e-32
9.643312654487313e-33
7.680003491298504e-33
6.115699991327889e-33
4.869458939416937e-33
3.876726983018154e-33
3.086028212224389e-33
2.456319886311016e-33
1.9548818030108268e-33
1.5556318284785526e-33
1.2377817102825485e-33
9.847645665630293e-34
7.833792491347456e-34
6.231078109573033e-34
4.955711245040363e-34
3.94094741519509e-34
3.133627119460944e-34
2.491415747594776e-34
1.9806032345482395e-34
1.5743501579636955e-34
1.251289865433631e-34
9.94414494020051e-35
7.901873330600785e-35
6.278356252618586e-35
4.987871936831556e-35
3.962216972721598e-35
3.1471323383331063e-35
2.4994572896172186e-35
1.9848631417548813e-35
1.5760490003422862e-35
1.2513054445061501e-35
9.933712561810898e-36
7.885235112623701e-36
6.258534823882493e-36
4.96690474765924e-36
3.941434244982165e-36
3.127362312140169e-36
2.4811769090253346e-36
1.9683079390033223e-36
1.56129258916294e-36
1.2383164784177594e-36
9.82053762745179e-37
7.787450355225201e-37
6.174643524276825e-37
4.8953665510150305e-37
3.880747840303886e-37
3.076115719286595e-37
2.4380752335555507e-37
1.9321857655325447e-37
1.5311161837271753e-37
1.2131794898384926e-37
9.611690230856913e-38
7.614342623900386e-38
6.031469768660136e-38
4.777185820385392e-38
3.7833759543213706e-38
2.9960247422058416e-38
2.372301965388719e-38
1.8782498505143207e-38
1.4869477983238208e-38
1.177056173091778e-38
9.316609798623658e-39
7.373573530461629e-39
5.835225672015502e-39
4.6173943816747164e-39
3.653390501458047e-39
2.890381511773067e-39
2.2865164697816634e-39
1.8086466255680072e-39
1.4305184798176563e-39
1.1313415042494554e-39
8.946529527025049e-40
7.074182279250006e-40
5.593179957676441e-40
4.42183336968133e-40
3.4954823893603522e-40
2.7629508625467536e-40
2.1837385072471427e-40
1.7257968098867917e-40
1.3637676348024863e-40
1.0775884161003544e-40
8.51387744272422e-41
6.726109718090427e-41
5.313279970604648e-41
4.1968532186336265e-41
3.314723539545803e-41
2.6177816671286527e-41
2.0671987482316507e-41
1.632277035443555e-41
1.288749343035211e-41
1.0174336918698446e-41
8.031690542175982e-42
6.339735427961202e-42
5.0037861126941923e-42
3.9490251277249914e-42
3.11633927377288e-42
2.459027376531683e-42
1.9401973553926816e-42
1.5307084663148294e-42
1.207544680575253e-42
9.525289842601129e-43
7.51307236335159e-43
5.925451414690045e-43
4.672936975288924e-43
3.68487816210604e-43
2.9055020276540796e-43
2.2907842432907892e-43
1.8059771819013717e-43
1.423657465469119e-43
1.1221839479047294e-43
8.844799589397359e-44
6.970717053447304e-44
5.493290116586952e-44
4.3286587560852437e-44
3.410672396719798e-44
2.6871543516500366e-44
2.1169533063000062e-44
1.667616220587786e-44
1.3135518366379522e-44
1.034581482983032e-44
8.147955944333746e-45
6.4165153061629e-45
5.0526183328719386e-45
3.9783276985917485e-45
3.1322146647822496e-45
2.465866112298395e-45
1.9411298036012832e-45
1.5279420299114475e-45
1.2026146599063241e-45
9.464845472272984e-46
7.448487295349827e-46
5.861250121697669e-46
4.611902829513573e-46
3.6285896866701605e-46
2.854719848280805e-46
2.245727956356578e-46
1.7665214396852483e-46
1.3894691040920438e-46
1.0928163597332571e-46
8.594366904328579e-47
6.758481016314993e-47
5.314383705407032e-47
4.178548186466487e-47
3.285237067163533e-47
2.5827174765959795e-47
2.0302806250415104e-47
1.5958950029396177e-47
1.254358649756275e-47
9.858444720264076e-48
7.747550885484851e-48
6.088214101074653e-48
4.7839313109596386e-48
3.7588031728970525e-48
2.9531394560068944e-48
2.3200008283789503e-48
1.8224777149536315e-48
1.431549289074308e-48
1.1243990414565825e-48
8.830896581303448e-49
6.935206395727122e-49
5.446083929876693e-49
4.276413631300928e-49
3.357728705968378e-49
2.6362228020046513e-49
2.0696138287232046e-49
1.6246780244306962e-49
1.2753111710568605e-49
1.0010043763813674e-49
7.856458636216614e-50
6.165791077898704e-50
4.838625285346508e-50
3.7968764832400697e-50
2.97921828379443e-50
2.3374893454323935e-50
1.8338697984966353e-50
1.4386626942955012e-50
1.128550957969556e-50
8.85228025833346e-51
6.943221295679737e-51
5.445513162208765e-51
4.270597583028302e-51
3.3489649428675345e-51
2.626060615993002e-51
2.0590702557217072e-51
1.6143954933221002e-51
1.2656719054006344e-51
9.922128659855643e-52
7.777878552240969e-52
6.096634061691343e-52
4.7785027874520464e-52
3.745125551849315e-52
2.9350386118296013e-52
2.3000338759851844e-52
1.8023025567239692e-52
1.412193778212233e-52
1.106455860090607e-52
8.66856425639367e-53
6.790998075859906e-53
5.319777545795681e-53
4.167032053243075e-53
3.263877037411437e-53
2.556315122515422e-53
2.002021401228326e-53
1.567822315278071e-53
1.2277186124618104e-53
9.613350640902643e-54
7.527049012451649e-54
5.893167622708843e-54
4.6136750766185975e-54
3.6117647051071015e-54
2.8272629214871723e-54
2.2130300966431447e-54
1.732139590410475e-54
1.355666835331749e-54
1.0609566537378865e-54
8.302654485659426e-55
6.496972286330877e-55
5.083699334381096e-55
3.977622491753952e-55
3.112018711340861e-55
2.4346460711118362e-55
1.904603332713526e-55
1.4898700133847472e-55
1.1653796261204793e-55
9.11510620430401e-56
7.129045425672526e-56
5.575405181181012e-56
4.360105084870031e-56
3.4095182128589984e-56
2.66602780586536e-56
2.084548490182936e-56
1.629802809276622e-56
1.27418920041245e-56
9.961130736831565e-57
7.786804791547884e-57
6.086756470232117e-57
4.757607608364961e-57
3.718496979228488e-57
2.9061794573073006e-57
2.2711910596232295e-57
1.774848223183233e-57
1.3868999798050313e-57
1.0836910773375718e-57
8.467249354264713e-58
6.61539468391746e-58
5.168277096810475e-58
4.0374996917364496e-58
3.1539583717955926e-58
2.4636341498564347e-58
1.9243024760074233e-58
1.5029598777895431e-58
1.173811664553593e-58
9.166984570715642e-59
7.1586591611069795e-59
5.590028667637188e-59
4.364893074365323e-59
3.4080853872033163e-59
2.660876190207147e-59
2.077381543477591e-59
1.621755314449668e-59
1.2659947612798888e-59
9.882255159595475e-60
7.713613094349292e-60
6.020566125806087e-60
4.6988822122114823e-60
3.6671577474229433e-60
2.861821144067552e-60
2.2332292282849106e-60
1.7426175920841237e-60
1.3597182188234424e-60
1.0608984802263701e-60
8.277074831116703e-61
6.457406628945642e-61
5.037529977049439e-61
3.929664393481287e-61
3.0652905394885534e-61
2.3909266208012607e-61
1.8648303314948278e-61
1.4544236562237103e-61
1.1342822023313363e-61
8.845653888526693e-62
6.897908945764898e-62
5.378779190743395e-62
4.194003339585673e-62
3.2700370866116073e-62
2.5495027668258252e-62
1.9876378258566153e-62
1.5495229997373877e-62
1.207919136389896e-62
9.415790983851483e-63
7.339304759276177e-63
5.720477095600563e-63
4.458500795749463e-63
3.4747596163841935e-63
2.707946334079829e-63
2.1102541488816254e-63
1.6444055914869604e-63
1.2813348845725855e-63
9.983801296355769e-64
7.778732401013877e-64
6.0604016516035736e-64
4.721431661702423e-64
3.6781190473186585e-64
2.8652180483946142e-64
2.231872838444215e-64
1.7384457277061597e-64
1.3540440636916455e-64
1.0545920111444997e-64
8.21327235445213e-65
6.39628914485024e-65
4.981040990427099e-65
3.878755067545428e-65
3.0202636561715957e-65
2.3516769662738233e-65
1.8310104792759294e-65
1.42555637744614e-65
1.10983499569276e-65
8.639983835953233e-66
6.725862569971104e-66
5.235566004191948e-66
4.0753032083911864e-66
3.1720271618973214e-66
2.468849398845791e-66
1.921467643444626e-66
1.49538277718869e-66
1.1637308323692613e-66
9.055941750073458e-67
7.046860241961309e-67
5.4832582414778085e-67
4.266411983178824e-67
3.319464088239331e-67
2.582583054193327e-67
2.0091936757352413e-67
1.56304159449469e-67
1.2159075068819238e-67
9.458273322417707e-68
7.3570640992933035e-68
5.722405419336995e-68
4.450759770595539e-68
3.4615545113193307e-68
2.692090963809075e-68
2.0935814548908446e-68
1.628064532102873e-68
1.2660038627012318e-68
9.844193736661749e-69
7.654327179721024e-69
5.951352611925357e-69
4.6270711353352934e-69
3.59731563473239e-69
2.796615957780039e-69
2.174047741030245e-69
1.690002405747908e-69
1.3136740204492056e-69
1.021104014134364e-69
7.936599781607339e-70
6.168522371243151e-70
4.794132299054297e-70
3.7258136821794575e-70
2.8954398043542538e-70
2.25004019761451e-70
1.7484305377271618e-70
1.3585915195769323e-70
1.0556303444796872e-70
8.201953865606008e-71
6.372433449465643e-71
4.950805501103721e-71
3.846174909528359e-71
2.9878916517148013e-71
2.3210438609342384e-71
1.8029537134041866e-71
1.4004531145545736e-71
1.087765738115183e-71
8.448605302352306e-72
6.561717822268452e-72
5.096042020043777e-72
3.957595561904565e-72
3.073355639216336e-72
2.38658695613792e-72
1.853210623865347e-72
1.438982167221205e-72
1.1172984404192736e-72
8.674933629732795e-73
6.735135757930736e-73
5.228893662406711e-73
4.059350629195744e-73
3.1512775670652585e-73
2.4462459757896732e-73
1.8988777312068956e-73
1.4739315873010447e-73
1.1440398046702931e-73
8.879499046371784e-74
6.891588726158841e-74
5.348522563568191e-74
4.150801283217234e-74
3.2211705366960757e-74
2.4996499550704643e-74
1.9396725070350165e-74
1.5050862840581643e-74
1.1678261468277128e-74
9.061056434323812e-75
7.030129992147311e-75
5.454209185574679e-75
4.231400910895085e-75
3.2826194982247763e-75
2.5464838964635265e-75
1.9753560092864471e-75
1.5322651033361546e-75
1.1885202001870462e-75
9.218566271572314e-76
7.149972793782068e-76
5.545358437421761e-76
4.3006996892424935e-76
3.3352846656965313e-76
2.5864913155855398e-76
2.0057347770367942e-76
1.5553222354757875e-76
1.2060121596393472e-76
9.351202362269794e-77
7.250496051879343e-77
5.621503883361083e-77
4.35834767888439e-77
3.378903784743638e-77
2.6194758982703363e-77
2.030662037189367e-77
1.5741480905840396e-77
1.2202203137237734e-77
9.458356377729953e-78
7.331247613515528e-78
5.682310043485343e-78
4.404096442647675e-78
3.4132932601790283e-78
2.645302276638718e-78
2.0500382304990868e-78
1.5886696480451355e-78
1.2310912706715767e-78
9.539639262833187e-79
7.391945075853218e-79
5.727572827203376e-79
4.437799223638993e-79
3.438348172472639e-79
2.663895948321778e-79
2.0638108769842482e-79
1.5988502968347026e-79
1.2385997920544034e-79
9.594879619254427e-80
7.432474281334496e-80
5.757218173478196e-80
4.4594097427234535e-80
3.4540412315601664e-80
2.675242377925186e-80
2.071973812197001e-80
1.6046891919200052e-80
1.2427482543103317e-80
9.624119227838077e-81
7.452885614003102e-81
5.771299001409711e-81
4.468979697950462e-81
3.460420733689975e-81
2.6793853329825726e-81
2.074565835845378e-81
1.6062201596611176e-81
1.243565764237639e-81
9.627605916679705e-82
7.45338826033962e-82
5.769990600293887e-82
4.466655067914676e-82
3.457607601795036e-82
2.676424517849092e-82
2.0716688227610213e-82
1.6035101915843897e-82
1.241106959430664e-82
9.605784018480796e-83
7.43434262604294e-83
5.753584609507341e-83
4.4526713370595425e-83
3.4457916019594316e-83
2.6665125781317866e-83
2.0634053531084822e-83
1.5966575710849663e-83
1.2354505285466731e-83
9.559282690235552e-84
7.3962511223178295e-84
5.722481755187913e-84
4.427347773425397e-84
3.4252268379351555e-84
2.6498515552621582e-84
2.0499359239692899e-84
1.585789681549405e-84
1.2266974892228534e-84
9.488902390065377e-85
7.339747551466263e-85
5.677183522762926e-85
4.391080898282389e-85
3.3962266322653245e-85
2.626688875709774e-85
2.0314558080503307e-85
1.571060547029837e-85
1.2149692634032534e-85
9.39559982030086e-86
7.26558533198127e-86
5.618282951906881e-86
4.344337292562404e-86
3.3591579065363474e-86
2.5973129621649042e-86
2.00819162727689e-86
1.5526481580416141e-86
1.2004055908441672e-86
9.28047165287289e-87
7.174624808105013e-87
5.546454743765568e-87
4.287645887152918e-87
3.314435174647838e-87
2.5620485548837587e-87
1.980397709543255e-87
1.5307516353132262e-87
1.1831623216733125e-87
9.144737353229478e-88
7.067819888408404e-88
5.46244486950785e-88
4.2215898831876367e-88
3.262514262031921e-88
2.521251830437684e-88
1.9483522959994283e-88
1.5055882835278234e-88
1.1634091281806875e-88
8.98972141282183e-89
6.946204252638667e-89
5.3670598647948615e-89
4.146798444707584e-89
3.203885860611844e-89
2.475305402513388e-89
1.912353664126457e-89
1.4773905853314428e-89
1.1413271745692866e-89
8.816835288540497e-90
6.810877356597363e-90
5.261155987052754e-90
4.063938299844681e-90
3.139069024277075e-90
2.424613285370361e-90
1.872716228594348e-90
1.4464031832870407e-90
1.1171067813282396e-90
8.627559330843825e-91
6.662990451577214e-91
5.145628401900595e-91
3.973705378309442e-91
3.068604702991805e-91
2.3695958952903948e-91
1.82976667773262e-91
1.4128798941499788e-91
1.090945118268676e-91
8.423424961703452e-92
6.503732818577683e-92
5.021400552235166e-92
3.876816602828389e-92
2.9930494056909218e-92
2.310685159080995e-92
1.783840198495934e-92
1.3770807959559493e-92
1.0630439572182437e-92
8.205997339563974e-93
6.334318398777863e-93
4.88941384877362e-93
3.7740019406574523e-93
2.912969073087492e-93
2.2483197916222587e-93
1.7352768372958254e-93
1.3392694240984253e-93
1.0336075119973014e-93
7.97685872214938e-94
6.155972981135879e-94
4.7506178047699756e-94
3.665996808765052e-94
2.828933231740146e-94
2.1829407968385347e-94
1.684418038118881e-94
1.2997101079444335e-94
1.0028403896951708e-94
7.73759270991672e-95
5.9699220861959635e-95
4.6059607206694786e-95
3.553534913078903e-95
2.741509490473513e-95
2.114987238495595e-95
1.6316033931659323e-95
1.2586654747280708e-95
9.709456735299295e-96
7.489769523962767e-96
5.77737966267153e-96
4.456381007018839e-96
3.437341588671013e-96
2.651258429758609e-96
2.0448923191063286e-96
1.5771676349557299e-96
1.216394142590465e-96
9.381231538060174e-97
7.234932443015749e-97
5.579537690785298e-97
4.3027992164597263e-97
3.31812769422145e-97
2.5587289242028476e-97
1.9730797971375067e-97
1.5214378925749532e-97
1.1731486197960848e-97
9.045677197475714e-98
6.974585495248665e-98
5.377556764080464e-98
4.146110838430881e-98
3.1965841008387314e-98
2.4644539280588923e-98
1.8999607648073327e-98
1.4647312286747134e-98
1.129173422465318e-98
8.704679213613562e-99
6.7101824727929344e-99
5.1725576998791694e-99
3.987179893656922e-99
3.0733768025411763e-99
2.3689467438191317e-99
1.8259308012011264e-99
1.4073524679792772e-99
1.0847034186744863e-99
8.3600470703997e-100
6.443117310267147e-100
4.965614208202511e-100
3.826833349787594e-100
2.949142663657507e-100
2.272697784726255e-100
1.7513675083097536e-100
1.3495923226125248e-100
1.0399624025794108e-100
8.013503393881959e-101
6.17471584391651e-101
4.757746629954689e-101
3.665856365011331e-101
2.8244858072269142e-101
2.1761718334289983e-101
1.676628431032533e-101
1.2917258145059562e-101
9.951618983571605e-102
7.666674888001567e-102
5.906228945270815e-102
4.549916737830133e-102
3.5049883531578173e-102
2.6999746383046275e-102
2.0798057912527954e-102
1.6020493562204166e-102
1.234010990602117e-102
9.505001902786588e-103
7.321085016507049e-103
5.638827002931146e-103
4.3430235778443894e-103
3.3449198519462345e-103
2.576139487015208e-103
1.9840069056191185e-103
1.5279429805612102e-103
1.176687922530011e-103
9.061615721471961e-104
6.978148376184904e-104
5.373595708149336e-104
4.137900315779762e-104
3.186290165639074e-104
2.4534708482836626e-104
1.8891514571262742e-104
1.454597932516862e-104
1.1199779789420614e-104
8.623158066855521e-105
6.639166686434277e-105
5.111533084568895e-105
3.935312041156505e-105
3.0296857445055936e-105
2.33241818844744e-105
1.7955838827018058e-105
1.382278129650321e-105
1.0640833557678462e-105
8.191177832272228e-106
6.305326303286333e-106
4.85354768970053e-106
3.7359544716771257e-106
2.875639256189396e-106
2.213389283418741e-106
1.7036163070513358e-106
1.3112224495261714e-106
1.0091868472473123e-106
7.767073602652665e-107
5.977697152420835e-107
4.600457905457316e-107
3.540453493374664e-107
2.724629298247017e-107
2.0967500486932063e-107
1.613528451336672e-107
1.2416446898825575e-107
9.554518387540538e-108
7.352093780186101e-108
5.6572329652815585e-108
4.352992227259881e-108
3.3493654658327487e-108
2.577080696768731e-108
1.9828248182358074e-108
1.52556788559003e-108
1.1737337919760084e-108
9.030225010705903e-109
6.947338251788809e-109
5.3447726949544955e-109
4.1117904557325804e-109
3.163178217812095e-109
2.4333653329814483e-109
1.8718970270697108e-109
1.4399505897389139e-109
1.107654299799175e-109
8.520241649074962e-110
6.553761433619219e-110
5.041042983903878e-110
3.8774056916588267e-110
2.9823126561670643e-110
2.2938034380146623e-110
1.7642102511540603e-110
1.356861787247476e-110
1.0435470272612046e-110
8.025638540256417e-111
6.172176524915001e-111
4.746661553558857e-111
3.6503070335158434e-111
2.8071249100750193e-111
2.158665295431485e-111
1.659969557793181e-111
1.2764570151789522e-111
9.81529905314826e-112
7.547309552878919e-112
5.803260803474688e-112
4.462141386086902e-112
3.4308828772795103e-112
2.6379089330382595e-112
2.0281732915815512e-112
1.5593431202497202e-112
1.1988633948802203e-112
9.216989813793634e-113
7.08598004277963e-113
5.447561797831343e-113
4.187895570972195e-113
3.2194447201847616e-113
2.474899486749565e-113
1.9025042552128414e-113
1.4624640513722837e-113
1.1241810684283025e-113
8.6412954416535e-114
6.642215657499227e-114
5.1055041761927424e-114
3.9242426931197075e-114
3.0162313734143092e-114
2.3182754336062552e-114
1.7817920299059763e-114
1.3694324127612608e-114
1.0524847673495537e-114
8.088773481125989e-115
6.216431890475005e-115
4.777397199268667e-115
3.6714126447836726e-115
2.8214134931196916e-115
2.1681632681439105e-115
1.6661302256988183e-115
1.2803173582095837e-115
9.838254818730085e-116
7.559799130305721e-116
5.80890419723908e-116
4.4634425926611326e-116
3.4295527504037627e-116
2.6350983445288894e-116
2.0246408218906273e-116
1.5555750995611896e-116
1.1951593727534992e-116
9.182322010179877e-117
7.05457876135836e-117
5.4197784985138694e-117
4.1637427044116205e-117
3.1987341011540626e-117
2.457334719950138e-117
1.887741080869913e-117
1.450148518109607e-117
1.1139725715735726e-117
8.55713696093617e-118
6.573163754536602e-118
5.049081908954059e-118
3.8783088240645546e-118
2.978958004465246e-118
2.2881179380600913e-118
1.7574560601234298e-118
1.3498409599318131e-118
1.0367470260966968e-118
7.962603226033321e-119
6.115464454412766e-119
4.696733544965396e-119
3.607069551077126e-119
2.770162462660328e-119
2.1273948587855388e-119
1.6337406849900295e-119
1.2546145190866767e-119
9.634510879031928e-120
7.398458180797819e-120
5.681264076478437e-120
4.3625552802649004e-120
3.349879112209757e-120
2.5722286040179627e-120
1.975068855195644e-120
1.5165166344053875e-120
1.164405875612548e-120
8.940336843571093e-121
6.864290759390621e-121
5.270232412169595e-121
4.046282333254985e-121
3.1065255394434833e-121
2.3849869988175712e-121
1.8310046909750467e-121
1.4056761070088848e-121
1.0791292031546354e-121
8.284265631823552e-122
6.359558780052235e-122
4.881939200176952e-122
3.7475735855682726e-122
2.876738631833292e-122
2.2082238020490754e-122
1.6950332591052346e-122
1.3010854763063163e-122
9.986789880492348e-123
7.665464664690421e-123
5.8836057086711176e-123
4.515867051282732e-123
3.4660215461423543e-123
2.660197636224229e-123
2.04168667340017e-123
1.5669561442654142e-123
1.2025888064366028e-123
9.229327382731629e-124
7.082972177445235e-124
5.435676736626474e-124
4.171423832714756e-124
3.201161889588526e-124
2.4565385929078677e-124
1.8850904336834854e-124
1.446549978050404e-124
1.1100112051718733e-124
8.517535645950284e-125
6.535717087494718e-125
5.014934071975013e-125
3.8479544358074203e-125
2.952482511340162e-125
2.265361302813562e-125
1.7381224249872192e-125
1.3335705623464412e-125
1.0231619955734031e-125
7.849926199371224e-126
6.022537753995957e-126
4.620471364890347e-126
3.54475186752159e-126
2.7194320549394524e-126
2.0862358827376246e-126
1.6004475494231958e-126
1.2277567420409227e-126
9.418376922100505e-127
7.224913864083658e-127
5.54219955051823e-127
4.251327208479667e-127
3.261067621922849e-127
2.5014278787386076e-127
1.9187088842595617e-127
1.4717129683660664e-127
1.1288340136205412e-127
8.65824771968689e-128
6.640838026229425e-128
5.093411196158448e-128
3.906497674717287e-128
2.996121301944165e-128
2.2978634402121104e-128
1.7623089603373217e-128
1.3515524504769603e-128
1.0365178611113e-128
7.94902233239574e-129
6.095982267981324e-129
4.674839812547023e-129
3.5849478620510894e-129
2.7491094746489136e-129
2.108115085918049e-129
1.616552071130217e-129
1.2395903625695177e-129
9.505168152288843e-130
7.288439406304222e-130
5.588592336976204e-130
4.285124693853596e-130
3.2856224462778625e-130
2.519213754705076e-130
1.9315482439404775e-130
1.4809462272914838e-130
1.1354453024978089e-130
8.705352355115761e-131
6.674207553464189e-131
5.116892457656003e-131
3.922889794273709e-131
3.007455239561346e-131
2.305608120886918e-131
1.7675230233389766e-131
1.3549957748560575e-131
1.0387333777270291e-131
7.962758186248817e-132
6.104024539779872e-132
4.6791000077900876e-132
3.5867549525910615e-132
2.749377773936354e-132
2.107465479168781e-132
1.6153992318132073e-132
1.2382052309143358e-132
9.490711370997083e-133
7.274418389605755e-133
5.575594406622184e-133
4.273438600404691e-133
3.2753458862724303e-133
2.510326935450227e-133
1.9239634934301796e-133
1.474540828415876e-133
1.1300826835549071e-133
8.660781665722866e-134
6.637391301213375e-134
5.086642594666857e-134
3.8981496255539146e-134
2.987302998360192e-134
2.2892516832590476e-134
1.7542897109605678e-134
1.344319832855684e-134
1.0301427731098469e-134
7.893793623776337e-135
6.04877817917199e-135
4.6349291537252474e-135
3.551502318001142e-135
2.7212890491806174e-135
2.0851188946270495e-135
1.597646014973162e-135
1.2241197166989018e-135
9.379092745807716e-136
7.186068972256829e-136
5.5057381711991964e-136
4.218260134639957e-136
3.2318024260706795e-136
2.4759957518267912e-136
1.896918381990489e-136
1.4532524402569172e-136
1.113338304732708e-136
8.529173033489258e-137
6.534018968083094e-137
5.005501054678718e-137
3.8344972685783244e-137
2.9373995639213783e-137
2.2501493556039225e-137
1.7236671321530529e-137
1.3203503910034523e-137
1.0113902169213809e-137
7.74715167879188e-138
5.934158450867825e-138
4.545377893083986e-138
3.481566045766331e-138
2.666693334437707e-138
2.0425152852873347e-138
1.5644128203921037e-138
1.198205301860732e-138
9.177088828717885e-139
7.028658942296121e-139
5.383117376400006e-139
4.1227697585805355e-139
3.1574623099907527e-139
2.4181383130707365e-139
1.8519019063144112e-139
1.418236653916927e-139
1.0861087844536382e-139
8.3174816158196225e-140
6.3694844778750675e-140
4.877650027863293e-140
3.7351746736441277e-140
2.8602574873768916e-140
2.190247984490307e-140
1.6771634871080017e-140
1.284255599820243e-140
9.833803020937415e-141
7.529835995592518e-141
5.765586778528979e-141
4.414642103195191e-141
3.380192925272124e-141
2.588102568288576e-141
1.9815977240029373e-141
1.5172024296664212e-141
1.1616240525723375e-141
8.893684152508742e-142
6.809133602323192e-142
5.213100105268724e-142
3.991115875361362e-142
3.0555309039086435e-142
2.3392309599245863e-142
1.79082691460086e-142
1.3709708386359812e-142
1.0495349952859316e-142
8.034516396779159e-143
6.150588570097112e-143
4.70833914889029e-143
3.6042336184757286e-143
2.759003616008056e-143
2.1119603245707383e-143
1.6166402883692093e-143
1.237471497330501e-143
9.472207075910854e-144
7.250389579519784e-144
5.549651214317945e-144
4.247801667191938e-144
3.2512994868169115e-144
2.4885360144961896e-144
1.904693514734967e-144
1.4578085779942373e-144
1.1157583167990717e-144
8.539530710641744e-145
6.535700236955139e-145
5.002009366707328e-145
3.828169330749826e-145
2.9297600263494017e-145
2.2421632854715106e-145
1.7159187117268787e-145
1.3131685604534966e-145
1.0049363211486958e-145
7.690435208789786e-146
5.885150959482434e-146
4.503587652273061e-146
3.446306999306805e-146
2.637203489646014e-146
2.018030222689288e-146
1.5442088688986125e-146
1.1816225707602045e-146
9.041612290305045e-147
6.91842689772198e-147
5.293747391407894e-147
4.0505449808768893e-147
3.0992606384623465e-147
2.371358115463774e-147
1.814389813783926e-147
1.3882205548570784e-147
1.0621375590279909e-147
8.126386876134033e-148
6.217397876030797e-148
4.756793219355448e-148
3.639270509040855e-148
2.784254073059653e-148
2.1300895238552826e-148
1.629601154165405e-148
1.246692285685115e-148
9.537437592523304e-149
7.296232115648517e-149
5.581617568471106e-149
4.269883459052852e-149
3.266378309768323e-149
2.498684759823198e-149
1.9113973669494125e-149
1.4621267961327357e-149
1.1184424287257414e-149
8.555330331485921e-150
6.544168756448324e-150
5.005722413126782e-150
3.828896326579063e-150
2.928700969849799e-150
2.2401187475855802e-150
1.7134113645159334e-150
1.31052963222628e-150
1.0023667538497876e-150
7.66656947269205e-151
5.863678055534571e-151
4.4847040230223235e-151
3.429983956422242e-151
2.623282315716163e-151
2.0062849792061692e-151
1.5343868423987922e-151
1.1734694033092507e-151
8.974357015462232e-152
6.863246365157172e-152
5.248685077160778e-152
4.0138961338338326e-152
3.069562205008999e-152
2.347369450632384e-152
1.7950690751432971e-152
1.3726998809918868e-152
1.0496989134198276e-152
8.026914306347318e-153
6.138005021187504e-153
4.6935407480633295e-153
3.5889606193027296e-153
2.744299755213464e-153
2.0984042681158532e-153
1.604506724833613e-153
1.226842170261828e-153
9.380600252190647e-154
7.172447020715177e-154
5.484017872712688e-154
4.193003000231335e-154
3.205872826822714e-154
2.451106714868831e-154
1.8740145891389318e-154
1.432776798673521e-154
1.095415657522603e-154
8.374795019151729e-155
6.402716491843676e-155
4.894960688755289e-155
3.742217295115651e-155
2.8609064576899956e-155
2.1871228807386394e-155
1.672005054064319e-155
1.2781942805959538e-155
9.771270643175178e-156
7.469647539531262e-156
5.710104788371451e-156
4.36498699371789e-156
3.336696788467254e-156
2.55061818982038e-156
1.9497058188912843e-156
1.4903478844716794e-156
1.1392031090925189e-156
8.707823394175411e-157
6.655995415789897e-157
5.0875814249775423e-157
3.888702283628624e-157
2.972302362378971e-157
2.2718322156345645e-157
1.736418893095993e-157
1.3271736151819859e-157
1.0143690031113126e-157
7.752811061602642e-158
5.925396776338283e-158
4.528670109926002e-158
3.4611382976412207e-158
2.6452227204214173e-158
2.0216248442704183e-158
1.545019354789346e-158
1.1807618829009328e-158
9.023723385999896e-159
6.896111541779259e-159
5.27008768649651e-159
4.0274158190637104e-159
3.0777275650261394e-159
2.351954713358946e-159
1.797309295437414e-159
1.3734465913945323e-159
1.0495323450378367e-159
8.020011315855907e-160
6.128430179771259e-160
4.682940265028403e-160
3.5783524412760723e-160
2.7342784136890195e-160
2.0892840366731454e-160
1.5964207921214834e-160
1.2198106143437878e-160
9.320357904268166e-161
7.121441746163108e-161
5.441246778829477e-161
4.157421775541727e-161
3.1764711994995907e-161
2.426950594907759e-161
1.8542664171112786e-161
1.4167020409381686e-161
1.0823808540621813e-161
8.269454928700575e-162
6.317843651126188e-162
4.826764125161667e-162
3.687554913420092e-162
2.8171900142340195e-162
2.152231650513721e-162
1.6442093836684706e-162
1.2560891722266802e-162
9.595753163726218e-163
7.330488486370209e-163
5.599922566758026e-163
4.277858262397757e-163
3.267879465100186e-163
2.496323942856469e-163
1.9069141230150233e-163
1.456654698744947e-163
1.1126981969381117e-163
8.499501432784302e-164
6.492393302425615e-164
4.959198576748045e-164
3.788030698578491e-164
2.8934154770822905e-164
2.2100567979675134e-164
1.6880736861480694e-164
1.2893615076056336e-164
9.848120239102113e-165
7.521896107889904e-165
5.745087809730949e-165
4.387946954203942e-165
3.351362682606314e-165
2.5596280370262753e-165
1.9549140211825586e-165
1.4930482528801364e-165
1.1402902486555202e-165
8.708680691843733e-166
6.650965873504877e-166
5.079400676684137e-166
3.879141589265606e-166
2.962471646572042e-166
2.2623937383330998e-166
1.7277368651709454e-166
1.3194180998571908e-166
1.0075873532839694e-166
7.694464785355156e-167
5.875834684238692e-167
4.4870010316005856e-167
3.42640128600039e-167
2.6164698748106076e-167
1.997968872495367e-167
1.5256579160949884e-167
1.1649870315445204e-167
8.895707520237834e-168
6.792589752238231e-168
5.186635957925898e-168
3.9603324445371025e-168
3.023938971499166e-168
2.3089254297243077e-168
1.7629593700455717e-168
1.3460779706968647e-168
1.0277645936821634e-168
7.847161934031334e-169
5.991383370897634e-169
4.574431641631333e-169
3.4925506816976996e-169
2.6665138252811025e-169
2.035825337910369e-169
1.5542924907481018e-169
1.1866442669667242e-169
9.059493340252556e-170
6.916443729980407e-170
5.280285003681778e-170
4.031136124995056e-170
3.0774652085879644e-170
2.34938630753716e-170
1.7935410176482857e-170
1.369190246613984e-170
1.045230054334931e-170
7.979130984732813e-171
6.091088627153484e-171
4.649752819175583e-171
3.5494449322246937e-171
2.7094843853685944e-171
2.0682760398639751e-171
1.578795909947939e-171
1.2051445270174284e-171
9.199154785026276e-172
7.021863424824044e-172
5.35984824098691e-172
4.0911770683843733e-172
3.1227680882184043e-172
2.383564270764356e-172
1.8193224716599736e-172
1.388635259832912e-172
1.0598938834321212e-172
8.089697471178944e-173
6.174444309197738e-173
4.712584843624022e-173
3.596799246044035e-173
2.7451680252444698e-173
2.0951609288747314e-173
1.5990482486993035e-173
1.2203979819715464e-173
9.314019218254206e-174
7.108345353466099e-174
5.424948941101611e-174
4.140173497826577e-174
3.1596369375403273e-174
2.4113018733856763e-174
1.8401861157614397e-174
1.4043251872683376e-174
1.0716905348603305e-174
8.178372432882649e-175
6.241085847836383e-175
4.762656036166202e-175
3.6344112790083193e-175
2.773414128121922e-175
2.1163679600997413e-175
1.6149662092825826e-175
1.2323427471565622e-175
9.40362720216423e-176
7.175548678280363e-176
5.475334449064323e-176
4.1779382812093855e-176
3.1879332762676155e-176
2.432496733363025e-176
1.8560563310029188e-176
1.4162042357638965e-176
1.0805788894593031e-176
8.244853187611638e-177
6.290790721682535e-177
4.799803032479367e-177
3.6621612752001837e-177
2.7941350466052987e-177
2.131833097465778e-177
1.6265030948476427e-177
1.2409448403307837e-177
9.467732001465354e-178
7.223294698947875e-178
5.510875697042239e-178
4.2043784848192794e-178
3.2075904190433713e-178
2.447101185877904e-178
1.8668991982714828e-178
1.4242483900291325e-178
1.0865420436683924e-178
8.289021574134304e-179
6.323477006514057e-179
4.823969592406401e-179
3.680011095313178e-179
2.8073053131749305e-179
2.1415396746770124e-179
1.63364829407315e-179
1.2461977673745249e-179
9.506296261880556e-180
7.251564196459529e-180
5.531565085398909e-180
4.219493686425707e-180
3.2186121350500424e-180
2.455121220176099e-180
1.8727216564014338e-180
1.4284647469776682e-180
1.0895867839386107e-180
8.310939807785655e-181
6.339200111204993e-181
4.835204032188942e-181
3.688002198798391e-181
2.8129600560665015e-181
2.1455171527795576e-181
1.6364263075835568e-181
1.248121760021293e-181
9.519486046719786e-182
7.2604927712975e-182
5.5375128409904074e-182
4.223373132408461e-182
3.221070430183948e-182
2.456614750431315e-182
1.8735701548433143e-182
1.4288904664863797e-182
1.0897427700746925e-182
8.310844127403296e-183
6.338147837923096e-183
4.833655385358674e-183
3.6862526615535294e-183
2.8111926835672475e-183
2.1438393228124823e-183
1.6348953534944437e-183
1.2467626944103408e-183
9.507662453044051e-184
7.250364346293664e-184
5.528941983923612e-184
4.216191839903035e-184
3.215102529455563e-184
2.451689280358242e-184
1.8695288468143018e-184
1.4255913738851836e-184
1.0870614546420729e-184
8.289136442252939e-185
6.32063392688643e-185
4.819568415456395e-185
3.674953323781367e-185
2.802151909382705e-185
2.1366220093577074e-185
1.6291455949440038e-185
1.242190723358898e-185
9.471371059944984e-186
7.221603028011635e-186
5.506182051503059e-186
4.198205758069041e-186
3.200907147178552e-186
2.440499028747496e-186
1.8607173744584383e-186
1.4186602536958537e-186
1.08161476874321e-186
8.246374211239805e-187
6.287090263772244e-187
4.793277617100674e-187
3.654363172631908e-187
2.7860381992735154e-187
2.1240203364267935e-187
1.6192970366853744e-187
1.234498658419614e-187
9.411329485241396e-188
7.174763538229736e-188
5.469661741439013e-188
4.1697461126014136e-188
3.17874013995158e-188
2.4232415886615694e-188
1.8472883016905194e-188
1.4082148772288061e-188
1.073493606780996e-188
8.183258804072981e-189
6.238057940808594e-189
4.75520035155027e-189
3.624804071466518e-189
2.7630997244879473e-189
2.1062256211203602e-189
1.6054971407828468e-189
1.2238001399955427e-189
9.328413343197175e-190
7.110520439323616e-190
5.419900645395963e-190
4.131213064270698e-190
3.1489096424430847e-190
2.400154196722909e-190
1.8294242531479353e-190
1.394395808698702e-190
1.0628061443267816e-190
8.100622605029126e-191
6.174177370735938e-191
4.7058292689466826e-191
3.5866549519734894e-191
2.733627910805692e-191
2.0834619628773793e-191
1.5879182132124858e-191
1.2102276350697428e-191
9.223640905400514e-192
7.029656384192233e-192
5.357500248985426e-192
4.083068815929828e-192
3.1117707885870177e-192
2.371509690833293e-192
1.8073348190418605e-192
1.3773640354797212e-192
1.049676023918468e-192
7.999415125107323e-193
6.096177656379972e-193
4.645724171937133e-193
3.5403455871771617e-193
2.69795267321608e-193
2.0559825970073883e-193
1.5667546137556462e-193
1.1939303025074158e-193
9.09815676949504e-194
6.933049623107735e-194
5.283134375415576e-194
4.0258303031273574e-194
3.067720121223227e-194
2.3376122348609074e-194
1.7812532857743973e-194
1.3572984681443431e-194
1.0342404435742727e-194
7.880688387668828e-195
6.004865417945876e-195
4.575503474662553e-195
3.486350062677119e-195
2.656437425649197e-195
2.024066080616915e-195
1.5422198410864837e-195
1.1750717654685775e-195
8.953214836946416e-196
6.821660996918701e-196
5.197539247524907e-196
3.960061601373564e-196
3.0171897915228617e-196
2.298792887476373e-196
1.7514332510981474e-196
1.3343933550350963e-196
1.0166481820935891e-196
7.745581846977443e-197
5.901113275454091e-197
4.4958354074352086e-197
3.425180060533686e-197
2.6094739528459944e-197
1.98801237721882e-197
1.5145435434898826e-197
1.1538278293152407e-197
8.790160891946487e-198
6.696520638830766e-198
5.101503337280731e-198
