0.0250834969799756
0.04083774063494897
0.05002182730072302
0.05464015230760363
0.0561411497036694
0.05556495596359513
0.05365285022429934
0.05092817917898448
0.047756055758529974
0.04438728509625611
0.040990589672092764
0.0376761702688147
0.034512865183605454
0.031540591534921114
0.028779320079443272
0.0262355117815883
0.023906702960912896
0.021784745695962174
0.019858075984840653
0.018113282481415388
0.01653617481189041
0.015112496021767825
0.01382838369581591
0.012670655026426265
0.011626969790810097
0.010685909738066064
0.00983700172345251
0.009070703894324834
0.008378368474026811
0.007752190574933943
0.007185149540500557
0.006670947234042516
0.006203946217873846
0.005779109727410158
0.005391944615686996
0.005038447936667096
0.004715057486773602
0.004418606388005339
0.004146281640614428
0.0038955864754074794
0.0036643062779838148
0.003450477828346303
0.0032523615895107324
0.0030684167821775276
0.0028972789942274826
0.002737740090111385
0.0025887302041175107
0.0024493016208414074
0.0023186143649390326
0.002195923339781526
0.0020805668704290885
0.001971956520194645
0.0018695680621251941
0.0017729334971306474
0.0016816340192789552
0.001595293836374986
0.001513574760623692
0.0014361714900135252
0.0013628075064556467
0.001293231521784626
0.0012272144075305936
0.001164546549208927
0.0011050355705233357
0.001048504377680449
0.0009947894785986302
0.0009437395365641544
0.0008952141223387353
0.0008490826332118217
0.0008052233516539229
0.0007635226202767881
0.0007238741134090675
0.0006861781890302822
0.000650341307776407
0.0006162755083939972
0.0005838979312976681
0.0005531303837943649
0.0005238989421331348
0.0004961335867714373
0.0004697678682321952
0.0004447386016192891
0.0004209855883597736
0.0003984513640229495
0.00037708097124446307
0.00035682175680367946
0.00033762319186654647
0.0003194367143098253
0.000302215591906512
0.00028591480502268254
0.0002704909473270249
0.0002559021429176164
0.00024210797816276864
0.00022906944651053543
0.00021674890448826709
0.00020511003713937954
0.00019411783117766944
0.00018373855422943835
0.00017393973863285403
0.00016469016838633336
0.00015595986798815225
0.00014772009205495988
0.00013994331476981407
0.00013260321837257365
0.0001256746800577992
0.00011913375680445243
0.00011295766779708221
0.00010712477422894337
0.0001016145564013846
9.640758812376819e-05
9.148550851672799e-05
8.683099138388782e-05
8.242771238129264e-05
7.826031425078163e-05
7.431437041659873e-05
7.057634726152906e-05
6.703356540531898e-05
6.367416030578786e-05
6.048704249605117e-05
5.7461857753616016e-05
5.458894747542111e-05
5.1859309512262383e-05
4.926455968595361e-05
4.679689418754871e-05
4.4449053024424865e-05
4.2214284658532375e-05
4.008631194902789e-05
3.805929948794786e-05
3.6127822394615015e-05
3.4286836611816055e-05
3.25316507277009e-05
3.08578993318021e-05
2.926151789657994e-05
2.7738719165218423e-05
2.6285971015537433e-05
2.4899975761852922e-05
2.357765084875646e-05
2.2316110888092055e-05
2.11126509843332e-05
1.9964731293794015e-05
1.8869962758285216e-05
1.7826093957563025e-05
1.6830999020993873e-05
1.588266654235736e-05
1.4979189440870488e-05
1.4118755714232272e-05
1.3299640029580708e-05
1.2520196101289567e-05
1.177884980487654e-05
1.1074092979011937e-05
1.0404477868521574e-05
9.768612163427783e-06
9.165154590533846e-06
8.592811015460328e-06
8.05033101468115e-06
7.536504878953531e-06
7.050161010273387e-06
6.5901636768041654e-06
6.155411091042046e-06
5.7448337784587945e-06
5.357393205082454e-06
4.992080634108273e-06
4.647916183231628e-06
4.323948056019593e-06
4.0192519220995404e-06
3.732930422817179e-06
3.4641127805001045e-06
3.2119544912386724e-06
2.9756370827877593e-06
2.754367920766534e-06
2.5473800481374535e-06
2.353932044445635e-06
2.173307892987937e-06
2.0048168455425236e-06
1.8477932758803097e-06
1.7015965145839695e-06
1.565610659138092e-06
1.4392443544638203e-06
1.3219305402788287e-06
1.2131261627265083e-06
1.112311848721485e-06
1.018991542360784e-06
9.326921035203329e-07
8.529628694984414e-07
7.793751811398894e-07
7.115218754161838e-07
6.490167468533049e-07
5.914939805536725e-07
5.386075598157317e-07
4.900306515620961e-07
4.454549729029723e-07
4.0459014223712543e-07
3.671630182986791e-07
3.3291703052425873e-07
3.016115040333707e-07
2.730209824040235e-07
2.469345512700782e-07
2.2315516560866258e-07
2.0149898338302794e-07
1.8179470800818366e-07
1.63882941886625e-07
1.476155530417648e-07
1.3285505664811716e-07
1.194740130369964e-07
1.0735444353145754e-07
9.638726525186023e-08
8.64717458247793e-08
7.751497873032281e-08
6.943137983728683e-08
6.214220549963775e-08
5.557509242670829e-08
4.966361939017216e-08
4.4346890696021284e-08
3.956914122762483e-08
3.5279362757162286e-08
3.143095112797499e-08
2.7981373826628358e-08
2.489185739305955e-08
2.2127094057764534e-08
1.9654966946034243e-08
1.744629315092544e-08
1.5474583946916294e-08
1.3715821395774624e-08
1.214825058250021e-08
1.0752186713351806e-08
9.509836307850657e-09
8.40513172209719e-09
7.423578251063561e-09
6.552113071845436e-09
5.778975307835691e-09
5.093586514530833e-09
4.486440910936735e-09
3.9490047056706616e-09
3.473623893414023e-09
3.0534399250243676e-09
2.6823126829218567e-09
2.354750222061494e-09
2.065844765602614e-09
1.8112144729668436e-09
1.586950526270942e-09
1.3895691087881773e-09
1.2159678760994581e-09
1.0633865467775526e-09
9.293712646824072e-10
8.117424092168075e-10
7.085655530619673e-10
6.1812528903862e-10
5.389016686972308e-10
4.695490151025762e-10
4.088768910004624e-10
3.5583302115539333e-10
3.0948798416265515e-10
2.6902150447687966e-10
2.3371018980079483e-10
2.0291657238300064e-10
1.7607932521397308e-10
1.5270453563821595e-10
1.3235792955169908e-10
1.1465794918358332e-10
9.926959650695415e-11
8.589896263646841e-11
7.42883711951204e-11
6.421207061152705e-11
5.547241668825672e-11
4.78964926010539e-11
4.133311879054388e-11
3.5650210028220403e-11
3.073244131670526e-11
2.6479188253077403e-11
2.2802711077349626e-11
1.9626554876897672e-11
1.688414135032834e-11
1.4517530178423165e-11
1.2476330430560231e-11
1.0716744575707433e-11
9.200729589679945e-12
7.895261374805894e-12
6.771690253011463e-12
5.8051766757451344e-12
4.974197529660962e-12
4.260114519965008e-12
3.646797096976637e-12
3.120293267561563e-12
2.6685424127220572e-12
2.281124925595864e-12
1.9490440994226654e-12
1.664536240835612e-12
1.4209054674987864e-12
1.2123800772762564e-12
1.0339877547946317e-12
8.8144721584047e-13
7.510741853929403e-13
6.396998655548681e-13
5.446002791609502e-13
4.634350768801974e-13
3.9419457333717105e-13
3.351539339391558e-13
2.8483357121759235e-13
2.4196492978108695e-13
2.0546094442092275e-13
1.7439054826273408e-13
1.479566886747583e-13
1.2547737931530905e-13
1.063693784500802e-13
9.013413757930408e-14
7.634571144541599e-14
6.464036149047859e-14
5.4707620544522884e-14
4.6282617612086846e-14
3.913948866212905e-14
3.3085722827869624e-14
2.7957313834944704e-14
2.3614604192877432e-14
1.993872505134889e-14
1.6828547941487686e-14
1.4198076158634732e-14
1.1974213528822616e-14
1.0094856938557565e-14
8.50726647446915e-15
7.166673469628584e-15
6.035092322164262e-15
5.080306756504213e-15
4.275005340317345e-15
3.596044640119908e-15
3.0238214727952636e-15
2.541738356221422e-15
2.135748538031453e-15
1.793968937959094e-15
1.5063510200036892e-15
1.2644010538209957e-15
1.0609424631789615e-15
8.899140214484472e-16
7.461985645075612e-16
6.254776713760756e-16
5.241084306731475e-16
4.3901898244029335e-16
3.6762001361200224e-16
3.0772980319711353e-16
2.575107701722967e-16
2.1541578187643652e-16
1.8014274082287684e-16
1.5059618973924988e-16
1.2585486382711488e-16
1.0514428044530127e-16
8.781359372920951e-17
7.331605854707228e-17
6.119254765346373e-17
5.105765048551133e-17
4.258795394921286e-17
3.551216663351111e-17
2.960279976991647e-17
2.466916229288916e-17
2.0551464718976746e-17
1.7115858247948463e-17
1.4250262347058812e-17
1.1860856835301202e-17
9.869133755835506e-18
8.209420637945284e-18
6.826800552734952e-18
5.6753660406220875e-18
4.716753857377888e-18
3.918915824704474e-18
3.2550881149819256e-18
2.70292724671034e-18
2.243786085878528e-18
1.8621073821680947e-18
1.5449159387999334e-18
1.281393523808674e-18
1.062523165672747e-18
8.807916112733284e-19
7.299405215301036e-19
6.047584925601961e-19
5.009072624728241e-19
4.147765336790648e-19
3.4336273974715673e-19
2.841678412793279e-19
2.3511486975189407e-19
1.9447747091851654e-19
1.6082114638820414e-19
1.3295426698886522e-19
1.0988724599430087e-19
9.07985239019665e-20
7.500623734351918e-20
6.19446297432295e-20
5.1144416277417684e-20
4.221644537820705e-20
3.483810754272099e-20
2.8742032978913973e-20
2.3706695516333436e-20
1.954860365000903e-20
1.611581259360961e-20
1.3282535494705557e-20
1.0944668935488175e-20
9.016078701930969e-21
7.425517554319586e-21
6.114068211237924e-21
5.033022669775836e-21
4.142123914814797e-21
3.408108511694473e-21
2.8034989407216673e-21
2.3056031629643378e-21
1.8956860920045563e-21
1.5582836261267996e-21
1.280634870384789e-21
1.0522123156819721e-21
8.64333182248004e-22
7.098379943449427e-22
5.828248290246344e-22
4.784296554041318e-22
3.9264481985797885e-22
3.2216909310170096e-22
2.642838242855371e-22
2.167506840195866e-22
1.7772725524360114e-22
1.4569737510468187e-22
1.1941366503604514e-22
9.785012876650355e-23
8.016306460128241e-23
6.565884193884989e-23
5.376734337507262e-23
4.40200818227862e-23
3.603217425437047e-23
2.948749610997635e-23
2.412645820983906e-23
1.9735945400905273e-23
1.6141036667434523e-23
1.3198192954213922e-23
1.0789653902237468e-23
8.818830079574726e-24
7.206514760549425e-24
5.887770235513848e-24
4.8093691564773304e-24
3.927692480013975e-24
3.2070029353677874e-24
2.6180272652721938e-24
2.1367922911885387e-24
1.743669582774959e-24
1.4225915264868486e-24
1.1604081902351912e-24
9.463598177151175e-25
7.716442619349426e-25
6.290623514740494e-25
5.12727214431773e-25
4.178260788685237e-25
3.4042511961133737e-25
2.7730960779440663e-25
2.258530058929958e-25
1.839097904118446e-25
1.4972772058004832e-25
1.2187604044180054e-25
9.918673330714057e-26
8.070646608848526e-26
6.565728671705136e-26
5.340448716696171e-26
4.343033123559982e-26
3.531258134017253e-26
2.8706951404084377e-26
2.3332770996410601e-26
1.896127547653489e-26
1.540604309825067e-26
1.2515187043930896e-26
1.0164981639644716e-26
8.254660378956676e-27
6.702171181735061e-27
5.440713442716279e-27
4.415913448490671e-27
3.58352094510506e-27
2.907531074853454e-27
2.3586534334720405e-27
1.913064335676404e-27
1.5513900978194786e-27
1.2578787266419654e-27
1.0197252319313204e-27
8.265221771986526e-28
6.698123072623602e-28
5.427243585621135e-28
4.396766419900009e-28
3.561358320990634e-28
2.8842071777977633e-28
2.335425636102217e-28
1.890752763604055e-28
1.5304983155463293e-28
1.2386844286889641e-28
1.0023479519901911e-28
8.109734539674776e-29
6.560325145160096e-29
5.3060944587269e-29
4.290972835619355e-29
3.469508987620474e-29
2.804865352630266e-29
2.267190704017003e-29
1.8322992437747358e-29
1.4805986494082788e-29
1.1962203068499145e-29
9.66313717775097e-30
7.80474192097108e-30
6.302787288853083e-30
5.0890969891148885e-30
4.108497710766996e-30
3.31634637279094e-30
2.6765261954796655e-30
