0.009670796502064918
0.015840033961683646
0.019529539712686523
0.02148304606053345
0.022239903087724982
0.022189282772294382
0.02161014810620117
0.02070077604532414
0.019600575397980824
0.018406199214402237
0.017183422143011835
0.015975871538951424
0.014811422503749443
0.013706861446607429
0.012671269728938282
0.011708464376291338
0.010818746795579178
0.010000145786545983
0.009249292640777923
0.00856202985405656
0.007933827962770418
0.007360064980700746
0.0068362081213161514
0.00635792661621869
0.00592115647559203
0.005522132220232142
0.005157396378059633
0.0048237944565272155
0.0045184608638717426
0.004238799626650271
0.003982462571679721
0.0037473267854280577
0.0035314725453083674
0.0033331624714839254
0.003150822328768368
0.002983023682456986
0.0028284684554139385
0.0026859753282717684
0.0025544678572446814
0.002432964144799868
0.0023205678797297105
0.002216460559470469
0.0021198947141275446
0.0020301879653732927
0.001946717771375887
0.0018689167290495308
0.0017962683257628984
0.0017283030528568236
0.0016645948120885543
0.0016047575629261602
0.001548442173070667
0.0014953334465340061
0.0014451473131002694
0.001397628170180838
0.0013525463730971697
0.001309695873010756
0.0012688920033915837
0.0012299694163112468
0.001192780169347227
0.0011571919627415498
0.0011230865249018266
0.0010903581426523067
0.0010589123309024452
0.0010286646348753885
0.0009995395566546167
0.0009714695968392938
0.000944394401324046
0.0009182600028954227
0.000893018147247915
0.0008686256932671727
0.0008450440778808154
0.0008222388364569395
0.0008001791705462868
0.000778837555668599
0.0007581893828168618
0.0007382126283355762
0.0007188875477769414
0.0007001963902615015
0.0006821231306814027
0.000664653217849669
0.0006477733373203973
0.0006314711881695251
0.0006157352734290804
0.0006005547042320291
0.0005859190179344277
0.0005718180106479779
0.0005582415846761366
0.0005451796113589546
0.0005326218097752016
0.000520557641653446
0.0005089762227117793
0.0004978662505001728
0.00048721594862612556
0.00047701302709662603
0.0004672446583024409
0.0004578974680200999
0.00044895754063704315
0.0004404104376592793
0.0004322412284414271
0.00042443453196077644
0.0004169745683857062
0.00040984521911092547
0.0004030300939063839
0.0003965126037971771
0.0003902760382977658
0.0003843036456533067
0.00037857871476349326
0.0003730846575465453
0.00036780509054418285
0.0003627239146768566
0.00035782539213484433
0.00035309421950345353
0.00034851559631969765
0.0003440752883813587
0.00033975968522894793
0.0003355558513487234
0.00033145157075042394
0.0003274353846802047
0.0003234966223432632
0.00031962542460055597
0.00031581276070124663
0.0003120504381955601
0.00030833110624703023
0.00030464825263541197
0.00030099619478894267
0.00029737006524683965
0.0002937657919794041
0.00029018007403055807
0.0002866103529630409
0.0002830547806070513
0.00027951218360871476
0.00027598202527834834
0.0002724643652285488
0.00026895981727433386
0.00026546950605566894
0.0002619950228083279
0.00025853838069238305
0.00025510197005250207
0.0002516885139537438
0.00024830102430451086
0.00024494275884786367
0.0002416171792635252
0.0002383279105978704
0.00023507870220142898
0.00023187339032903993
0.00022871586252359047
0.00022561002388370353
0.0002225597652866908
0.0002195689336178266
0.00021664130403550765
0.00021378055428549985
0.00021099024105926704
0.00020827377837835345
0.00020563441797531292
0.00020307523162985296
0.00020059909541127597
0.00019820867577161625
0.00019590641742667372
0.00019369453295922247
0.00019157499407468356
0.00018954952443739952
0.00018761959401379565
0.0001857864148492603
0.00018405093820342646
0.00018241385297131343
0.00018087558531693331
0.0001794362994480222
0.00017809589946219152
0.00017685403219627388
0.00017571009101306355
0.00017466322046081728
0.00017371232174478868
0.00017285605895073865
0.00017209286596312048
0.0001714209540237735
0.00017083831987775024
0.00017034275445637536
0.0001699318520490902
0.00016960301991778346
0.00016935348830923643
0.00016918032082337942
0.00016908042509621412
0.00016905056375848788
0.0001690873656317202
0.00016918733712564652
0.00016934687380115037
0.00016956227206447663
0.00016982974095942202
0.00017014541402432477
0.00017050536118241584
0.00017090560063380157
0.00017134211071841444
0.00017181084171948084
0.00017230772757759687
0.00017282869748613786
0.00017336968733868812
0.00017392665099999718
0.00017449557137225177
0.00017507247122910846
0.0001756534237901118
0.00017623456300932733
0.00017681209355199185
0.00017738230043444868
0.00017794155830297862
0.00017848634032833525
0.00017901322669382997
0.00017951891265584777
0.0001800002161569448
0.0001804540849730999
0.00018087760337786695
0.00018126799830798143
0.00018162264501621269
0.00018193907219888516
0.0001822149665876494
0.00018244817699607075
0.00018263671781384053
0.00018277877194316884
0.0001828726931735709
0.0001829170079931684
0.0001829104168364651
0.00018285179477031956
0.0001827401916219701
0.00018257483155404612
0.0001823551120943111
0.0001820806026287315
0.0001817510423686793
0.00018136633780484987
0.00018092655966165495
0.0001804319393680207
0.00017988286506184203
0.00017927987714674753
0.00017862366342151045
0.00017791505380371241
0.0001771550146707885
0.00017634464284236036
0.00017548515922967677
0.00017457790217846825
0.0001736243205327233
0.0001726259664480486
0.00017158448798370164
0.00017050162150342708
0.0001693791839155796
0.000168219064783654
0.00016702321833876518
0.00016579365542543034
0.0001645324354127649
0.0001632416581025549
0.0001619234556656829
0.00016057998463838962
0.00015921341800861466
0.0001578259374229826
0.00015641972554334728
0.0001549969585815406
0.00015355979903961296
0.00015211038868172903
0.00015065084176256265
0.00014918323853567455
0.00014770961906367336
0.00014623197735042184
0.00014475225581371055
0.0001432723401150215
0.00014179405436106775
0.00014031915668977546
0.00013884933525148448
0.00013738620459388462
0.00013593130245716416
0.00013448608698387557
0.00013305193434574807
0.00013163013678764543
0.00013022190108682787
0.0001288283474236321
0.00012745050865775923
0.00012608933000236841
0.00012474566908644909
0.00012342029639416077
0.0001221138960681622
0.00012082706706244705
0.00011956032462880795
0.00011831410211963018
0.00011708875308867392
0.00011588455367032678
0.0001147017052169894
0.00011354033717338157
0.00011240051016594986
0.00011128221928509225
0.00011018539753738688
0.00010910991944499615
0.00010805560476912107
0.00010702222233446583
0.00010600949393192438
0.00010501709827679698
0.00010404467500040844
0.00010309182865341835
0.0001021581326997395
0.00010124313348071902
0.00010034635413003825
9.946729842064508e-05
9.860545452608427e-05
9.77602986795078e-05
9.693129871490373e-05
9.611791747607286e-05
9.531961608027024e-05
9.453585702442624e-05
9.376610712338096e-05
9.300984027070268e-05
9.226654001394602e-05
9.153570193761792e-05
9.081683584830548e-05
9.010946775780585e-05
8.941314166128838e-05
8.872742110882958e-05
8.805189056981359e-05
8.738615659099098e-05
8.672984874992604e-05
8.608262040691075e-05
8.54441492592162e-05
8.481413770271644e-05
8.419231300675121e-05
8.357842730894846e-05
8.297225743763334e-05
8.237360456998841e-05
8.178229373499342e-05
8.119817317058722e-05
8.062111354510597e-05
8.005100705348114e-05
7.94877663990072e-05
7.893132367182492e-05
7.838162913546773e-05
7.783864993301514e-05
7.730236872440181e-05
7.677278226655117e-05
7.624989994788403e-05
7.573374228867806e-05
7.522433941857903e-05
7.472172954236795e-05
7.42259574047669e-05
7.373707276479194e-05
7.325512888978653e-05
7.278018107878457e-05
7.231228522454787e-05
7.185149642296925e-05
7.139786763813273e-05
7.095144843075247e-05
7.05122837571102e-05
7.00804128450439e-05
6.965586815293703e-05
6.923867441705995e-05
6.882884779192463e-05
6.84263950877417e-05
6.803131310841292e-05
6.764358809284786e-05
6.726319526172814e-05
6.689009847132414e-05
6.652424997519518e-05
6.616559029413595e-05
6.581404819405743e-05
6.546954077092097e-05
6.513197364134232e-05
6.480124123686941e-05
6.447722719943933e-05
6.415980487509499e-05
6.38488379024668e-05
6.354418089215686e-05
6.32456801927364e-05
6.295317473866022e-05
6.26664969750647e-05
6.238547385409751e-05
6.210992789710541e-05
6.183967831679053e-05
6.157454219315426e-05
6.131433569690971e-05
6.105887535384285e-05
6.08079793434858e-05
6.056146882533893e-05
6.031916928586198e-05
6.0080911899358956e-05
5.98465348959002e-05
5.9615884929487426e-05
5.938881843962083e-05
5.916520299965868e-05
5.894491864530264e-05
5.872785917685123e-05
5.8513933428884304e-05
5.830306650132037e-05
5.8095200945982244e-05
5.789029790302987e-05
5.768833818188324e-05
5.7489323281549023e-05
5.729327634554231e-05
5.71002430469082e-05
5.691029239921804e-05
5.672351748966542e-05
5.654003613084009e-05
5.635999142805156e-05
5.618355225947248e-05
5.60109136667481e-05
5.5842297154081735e-05
5.567795089421006e-05
5.551814984007068e-05
5.536319574132859e-05
5.521341706528875e-05
5.5069168822217406e-05
5.493083229528731e-05
5.4798814675885874e-05
5.4673548605303455e-05
5.455549162418274e-05
5.4445125531452046e-05
5.434295565480105e-05
5.4249510035011324e-05
5.4165338526880275e-05
5.409101181956445e-05
5.402712037963103e-05
5.397427332022699e-05
5.393309720002725e-05
5.3904234755878166e-05
5.388834357320146e-05
5.3886094698413565e-05
5.389817119776546e-05
5.3925266667142655e-05
5.396808369748431e-05
5.402733230055655e-05
5.410372829994399e-05
5.419799169206151e-05
5.431084498221073e-05
5.4443011500521286e-05
5.4595213702765575e-05
5.476817146095903e-05
5.49626003486212e-05
5.517920992554738e-05
5.541870202685675e-05
5.568176906099804e-05
5.596909232132659e-05
5.628134031574845e-05
5.661916711877177e-05
5.698321075024688e-05
5.7374091584855846e-05
5.779241079635659e-05
5.823874884030918e-05
5.8713663978970925e-05
5.921769085177011e-05
5.9751339094683476e-05
6.031509201155675e-05
6.090940530029569e-05
6.153470583669496e-05
6.219139051833073e-05
6.28798251709285e-05
6.36003435193001e-05
6.435324622480248e-05
6.513879999106608e-05
6.595723673952054e-05
6.680875285607506e-05
6.769350851019138e-05
6.861162704718967e-05
6.95631944547226e-05
7.05482589039292e-05
7.156683036575037e-05
7.261888030265408e-05
7.37043414358482e-05
7.482310758791343e-05
7.597503360061563e-05
7.715993532750552e-05
7.837758970073426e-05
7.96277348714452e-05
8.091007042283047e-05
8.22242576549417e-05
8.356991994010989e-05
8.494664314777253e-05
8.635397613730729e-05
8.779143131745864e-05
8.925848527070036e-05
9.075457944090536e-05
9.227912088248942e-05
9.38314830691259e-05
9.541100676008183e-05
9.701700092204897e-05
9.864874370433354e-05
0.00010030548346516144
0.00010198643984677894
0.00010369080489695283
0.00010541774423438982
0.00010716639825566156
0.00010893588338088226
0.00011072529333571898
0.00011253370046687413
0.00011436015708848093
0.00011620369685649171
0.00011806333616848649
0.00011993807558583368
0.00012182690127556497
0.00012372878646905652
0.00012564269293452638
0.00012756757246069284
0.0001295023683484974
0.00013144601690815688
0.00013339744895865391
0.0001353555913267458
0.0001373193683427962
0.0001392877033304664
0.00014125952008767654
0.00014323374435592687
0.00014520930527550996
0.00014718513682371068
0.00014916017923368206
0.00015113338039137957
0.00015310369720799774
0.00015507009696578885
0.0001570315586347458
0.00015898707415809275
0.00016093564970437116
0.00016287630688425683
0.0001648080839299438
0.00016673003683561512
0.00016864124045703482
0.0001705407895687533
0.00017242779987754474
0.00017430140899064612
0.00017616077733763393
0.00017800508904470842
0.00017983355276066394
0.0001816454024334539
0.00018343989803687672
0.00018521632624657344
0.00018697400106513178
0.0001887122643958523
0.0001904304865650007
0.0001921280667925926
0.00019380443361174122
0.00019545904523674175
0.00019709138988033083
0.00019870098602052072
0.00020028738261750124
0.00020185015928163698
0.00020338892639289535
0.00020490332517291424
0.00020639302771077625
0.00020785773694334748
0.00020929718659162502
0.00021071114105418077
0.00021209939525926365
0.0002134617744767937
0.00021479813409193548
0.00021610835934159883
0.0002173923650158098
0.00021865009512522034
0.00021988152253669493
0.00022108664857861503
0.00022226550261790262
0.00022341814160987657
0.00022454464962364649
0.0002256451373439333
0.0002267197415518136
0.00022776862458562404
0.00022879197378418013
0.00022979000091373397
0.0002307629415805908
0.00023171105463096127
0.00023263462153972478
0.00023353394578966047
0.00023440935224266392
0.0002352611865045892
0.00023608981428497081
0.00023689562075308531
0.00023767900989173972
0.00023844040384986016
0.00023918024229523249
0.00023989898176844917
0.00024059709503905443
0.00024127507046485695
0.00024193341135565326
0.00024257263534142092
0.00024319327374657773
0.0002437958709703797
0.0002443809838744845
0.0002449491811778593
0.00024550104285980644
0.0002460371595711396
0.00024655813205440823
0.0002470645705727826
0.0002475570943483031
0.0002480363310093682
0.00024850291604774027
0.0002489574922848293
0.00024940070934776487
0.0002498332231545181
0.000250255695408465
0.00025066879310228974
0.0002510731880304643
0.00025146955631107017
0.0002518585779157887
0.0002522409362081547
0.00025261731749034625
0.0002529884105570506
0.00025335490625744237
0.0002537174970636124
0.00025407687664652696
0.00025443373945792277
0.0002547887803186701
0.0002551426940129664
0.000255496174887908
0.0002558499164586388
0.0002562046110181713
0.00025656094925223776
0.00025691961985815416
0.00025728130916834814
0.00025764670077769666
0.00025801647517459907
0.00025839130937578976
0.0002587718765648938
0.00025915884573393026
0.00025955288132843636
0.0002599546428959809
0.00026036478473731123
0.0002607839555615999
0.0002612127981441903
0.00026165194898812507
0.0002621020379888229
0.00026256368810251773
0.0002630375150180609
0.0002635241268330019
0.00026402412373311947
0.00026453809767689536
0.0002650666320838597
0.00026561030152811633
0.00026616967143692377
0.00026674529779429593
0.0002673377268507304
0.00026794749483897447
0.00026857512769571295
0.0002692211407907669
0.00026988603866291873
0.0002705703147636126
0.0002712744512087865
0.00027199891853856045
0.0002727441754865249
0.00027351066875768484
0.00027429883281645986
0.00027510908968481605
0.0002759418487505459
0.00027679750658727827
0.00027767644678522126
0.00027857903979416866
0.0002795056427783379
0.00028045659948456626
0.0002814322401225286
0.0002824328812595113
0.00028345882572798517
0.00028451036254776354
0.00028558776686290246
0.0002866912998926069
0.00028782120889806774
0.00028897772716423805
0.00029016107399724376
0.0002913714547376445
0.0002926090607903589
0.0002938740696696384
0.0002951666450622287
0.00029648693690533635
0.00029783508148316883
0.0002992112015386366
0.00030061540640298083
0.00030204779214208094
0.00030350844171999085
0.00030499742517898327
0.0003065147998367181
0.0003080606105007613
0.0003096348896989695
0.00031123765792722444
0.00031286892391348424
0.0003145286848981183
0.00031621692693003096
0.0003179336251792898
0.00031967874426468677
0.0003214522385967671
0.00032325405273629285
0.0003250841217658743
0.0003269423716777715
0.0003288287197734587
0.0003307430750777375
0.00033268533876494664
0.0003346554045982132
0.0003366531593791058
0.00033867848340966936
0.0003407312509645946
0.00034281133077290337
0.0003449185865093604
0.00034705287729407775
0.0003492140582000879
0.0003514019807683111
0.0003536164935281095
0.0003558574425241418
0.000358124671847584
0.0003604180241710604
0.00036273734128719335
0.0003650824646490287
0.00036745323591137454
0.0003698494974733295
0.00037227109301967353
0.0003747178680610863
0.0003771896704715938
0.0003796863510238916
0.0003822077639183617
0.0003847537673084622
0.00038732422381950355
0.00038991900105974346
0.0003925379721237181
0.0003951810160863459
0.00039784801848677647
0.00040053887180120076
0.00040325347590368675
0.00040599173851386895
0.0004087535756308538
0.0004115389119518892
0.00041434768127563846
0.00041717982688880065
0.00042003530193447165
0.00042291406976317965
0.0004258161042633907
0.00042874139017298323
0.00043168992336982165
0.0004346617111396246
0.00043765677242285904
0.00044067513803767246
0.00044371685087991804
0.00044678196609811697
0.0004498705512440009
0.0004529826863974193
0.00045611846426555486
0.00045927799025547675
0.00046246138251986296
0.0004656687719759671
0.00046890030229623027
0.0004721561298716316
0.0004754364237472803
0.0004787413655288221
0.0004820711492609461
0.0004854259812776613
0.0004888060800232664
0.0004922116758453613
0.0004956430107594448
0.0004991003381837503
0.0005025839226478473
0.000506094039471692
0.0005096309744167603
0.0005131950233105895
0.000516786491643476
0.0005204056941379569
0.0005240529542927659
0.0005277286038998523
0.0005314329825371691
0.000535166437034936
0.0005389293209195085
0.000542721993831809
0.0005465448209246887
0.000550398172236183
0.0005542824220427911
0.0005581979481913534
0.0005621451314115576
0.0005661243546091306
0.0005701360021406219
0.0005741804590725179
0.0005782581104228849
0.000582369340387576
0.0005865145315538468
0.0005906940640991164
0.0005949083149791422
0.0005991576571038579
0.0006034424585037598
0.000607763081488144
0.0006121198817953058
0.000616513207734805
0.000620943399326283
0.0006254107874336636
0.0006299156928947202
0.0006344584256504324
0.000639039283872891
0.0006436585530932082
0.0006483165053320412
0.0006530133982314123
0.0006577494741920896
0.0006625249595142625
0.000667340063546084
0.0006721949778384645
0.0006770898753087544
0.0006820249094141467
0.0006870002133358306
0.0006920158991743836
0.0006970720571591385
0.0007021687548710185
0.0007073060364797092
0.0007124839219988522
0.000717702406556125
0.0007229614596831449
0.0007282610246233327
0.0007336010176606714
0.000738981327468561
0.0007444018144819724
0.0007498623102900966
0.0007553626170545426
0.000760902506952051
0.000766481721640238
0.0007720999717517567
0.0007777569364140217
0.0007834522627963686
0.0007891855656854971
0.0007949564270900805
0.00080076439587362
0.0008066089874184083
0.0008124896833195598
0.0008184059311097041
0.000824357144015851
0.0008303427007472614
0.0008363619453170081
0.0008424141868949595
0.0008484986996941676
0.0008546147228912211
0.0008607614605799708
0.000866938081758146
0.0008731437203503284
0.0008793774752622693
0.000885638410472118
0.0008919255551546971
0.0008982379038406533
0.000904574416610634
0.0009109340193225932
0.0009173156038761013
0.0009237180285079651
0.000930140118124477
0.0009365806646670752
0.000943038427511457
0.0009495121339007743
0.0009560004794125501
0.0009625021284581025
0.0009690157148156967
0.0009755398421945605
0.0009820730848328326
0.0009886139881260146
0.0009951610692858347
0.0010017128180323906
0.0010082676973130892
0.0010148241440537363
0.00102138056993691
0.0010279353622095013
0.0010344868845183395
0.0010410334777712722
0.0010475734610263553
0.001054105132404822
0.0010606267700306279
0.001067136632992179
0.0010736329623286674
0.0010801139820379292
0.0010865779001059265
0.0010930229095563986
0.0010994471895211958
0.0011058489063277743
0.0011122262146057592
0.0011185772584092575
0.0011249001723556006
0.0011311930827780682
0.001137454108892981
0.0011436813639782775
0.0011498729565652826
0.0011560269916389948
0.0011621415718494929
0.0011682147987295542
0.0011742447739208472
0.0011802296004058462
0.001186167383743781
0.0011920562333102482
0.0011978942635399636
0.0012036795951696742
0.0012094103564832487
0.001215084684551235
0.001220700726473699
0.0012262566406151354
0.001231750597836622
0.0012371807827211232
0.00124254539479327
0.0012478426497279085
0.0012530707805531456
0.0012582280388380698
0.001263312695873161
0.0012683230438342375
0.0012732573969336752
0.0012781140925565944
0.0012828914923799662
0.0012875879834740082
0.0012922019793858853
0.001296731921202391
0.0013011762785935187
0.0013055335508317938
0.0013098022677914454
0.0013139809909208558
0.001318068314194138
0.0013220628650314839
0.001325963305198629
0.0013297683316739774
0.0013334766774906423
0.001337087112546788
0.001340598444387231
0.001344009518954631
0.0013473192213074381
0.0013505264763065267
0.0013536302492701184
0.0013566295465924862
0.0013595234163307885
0.0013623109487566167
0.0013649912768716312
0.0013675635768890238
0.0013700270686773392
0.0013723810161695152
0.0013746247277340413
0.0013767575565093028
0.001378778900701531
0.001380688203843757
0.0013824849550194904
0.0013841686890461156
0.001385738986622609
0.0013871954744378474
0.0013885378252442655
0.0013897657578887325
0.0013908790373121087
0.0013918774745063044
0.0013927609264373672
0.0013935292959308485
0.0013941825315201756
0.0013947206272601899
0.001395143622503
0.0013954516016418499
0.001395644693815223
0.0013957230725822334
0.0013956869555599987
0.0013955366040303097
0.0013952723225131778
0.001394894458308211
0.0013944034010052691
0.0013937995819647405
0.001393083473769818
0.001392255589646271
0.0013913164828586327
0.0013902667460766237
0.0013891070107164573
0.0013878379462569225
0.0013864602595314022
0.0013849746939951868
0.0013833820289735719
0.0013816830788846136
0.0013798786924455275
0.001377969751856432
0.0013759571719694293
0.001373841899436074
0.001371624911843807
0.0013693072168323734
0.0013668898512011187
0.0013643738799991817
0.0013617603956063377
0.0013590505168029705
0.001356245387828606
0.0013533461774348176
0.0013503540779273976
0.00134727030420484
0.0013440960927889641
0.0013408327008540611
0.0013374814052490535
0.0013340435015208724
0.0013305203029336384
0.001326913139490105
0.0013232233569510086
0.001319452315858066
0.0013156013905586891
0.001311671968233654
0.0013076654479302135
0.0013035832395991924
0.0012994267631379222
0.0012951974474419625
0.00129089672946207
0.0012865260532705974
0.0012820868691366927
0.0012775806326120126
0.0012730088036264026
0.001268372845594198
0.0012636742245333572
0.0012589144081962863
0.0012540948652145162
0.0012492170642551255
0.0012442824731938161
0.0012392925583001283
0.0012342487834391107
0.001229152609288353
0.0012240054925698651
0.0012188088852999517
0.001213564234053464
0.0012082729792483433
0.0012029365544430743
0.0011975563856557333
0.001192133890698794
0.001186670478531953
0.0011811675486346057
0.0011756264903942536
0.00117004868251725
0.0011644354924542093
0.001158788275847675
0.0011531083759966751
0.0011473971233414103
0.001141655834966145
0.0011358858141231277
0.001130088349772796
0.0011242647161457755
0.0011184161723231524
0.0011125439618352103
0.001106649312280623
0.0011007334349632833
0.0010947975245491905
0.001088842758742223
0.0010828702979772886
0.0010768812851339057
0.001070876845267575
0.0010648580853592753
0.0010588260940838107
0.0010527819415957094
0.0010467266793334612
0.0010406613398411394
0.0010345869366082735
0.0010285044639260568
0.0010224148967611965
0.0010163191906475198
0.0010102182815925928
0.0010041130860025122
0.0009980045006217843
0.0009918934024900044
0.000985780648913115
0.000979667077452379
0.0009735535059260132
0.0009674407324277397
0.0009613295353589313
0.0009552206734759362
0.0009491148859510359
0.0009430128924474666
0.0009369153932078873
0.0009308230691568571
0.0009247365820150342
0.0009186565744271196
0.0009125836701011976
0.0009065184739622565
0.0009004615723136304
0.0008944135330145096
0.000888374905664535
0.0008823462218015753
0.0008763279951096291
0.0008703207216353849
0.000864324880016762
0.0008583409317188008
0.0008523693212806111
0.0008464104765693555
0.0008404648090435669
0.0008345327140250096
0.0008286145709762874
0.0008227107437883298
0.000816821581073181
0.0008109474164637583
0.0008050885689200581
0.0007992453430413285
0.0007934180293845671
0.0007876069047854633
0.0007818122326877237
0.0007760342634744645
0.0007702732348043452
0.0007645293719519136
0.0007588028881499958
0.0007530939849372156
0.0007474028525056034
0.0007417296700518558
0.0007360746061315726
0.0007304378190114119
0.0007248194570268995
0.0007192196589377376
0.000713638554284312
0.0007080762637455414
0.0007025328994944398
0.0006970085655549251
0.0006915033581560823
0.0006860173660862361
0.0006805506710447074
0.0006751033479916855
0.0006696754654956892
0.0006642670860785941
0.0006588782665579968
0.0006535090583847911
0.0006481595079794738
0.0006428296570615952
0.0006375195429779911
0.0006322291990243162
0.0006269586547630881
0.0006217079363358445
0.0006164770667701226
0.000611266066281471
0.0006060749525690167
0.0006009037411046912
0.0005957524454172394
0.0005906210773684904
0.0005855096474236141
0.0005804181649139537
0.000575346638293797
0.0005702950753878053
0.0005652634836328076
0.0005602518703117213
0.0005552602427778785
0.000550288608674294
0.0005453369761420154
0.0005404053540223192
0.0005354937520494651
0.0005306021810354894
0.0005257306530464845
0.000520879181570149
0.000516047781674864
0.0005112364701602546
0.0005064452656982486
0.0005016741889666634
0.0004969232627726355
0.0004921925121687779
0.00048748196455918123
0.0004827916497974516
0.0004781216002755407
0.0004734718510050088
0.0004688424396878608
0.0004642334067802366
0.0004596447955473605
0.0004550766521091425
0.00045052902547898635
0.00044600196759283925
0.0004414955333309747
0.0004370097805313594
0.000432544769995953
0.00042810056548759826
0.00042367723372118836
0.00041927484434570584
0.0004148934699205958
0.00041053318588327777
0.000406194070510813
0.00040187620487480507
0.0003975796727886356
0.0003933045607499531
0.0003890509578750443
0.00038481895582901103
0.0003806086487486534
0.0003764201331607141
0.0003722535078941702
0.0003681088739879074
0.0003639863345926847
0.00035988599486977266
0.00035580796188294415
0.00035175234448842486
0.00034771925321982854
0.00034370880016874915
0.00033972109886342544
0.0003357562641421411
0.000331814412025379
0.0003278956595839753
0.00032400012480529014
0.00032012792645633766
0.00031627918394619767
0.0003124540171850387
0.0003086525464423441
0.00030487489220393146
0.0003011211750268319
0.00029739151539480397
0.0002936860335713722
0.00029000484945406363
0.00028634808242722197
0.0002827158512152937
0.0002791082737365388
0.0002755254669564675
0.000271967546742467
0.00026843462771940853
0.00026492682312517996
0.0002614442446689906
0.0002579870023897643
0.0002545552045170605
0.00025114895733291127
0.0002477683650364219
0.0002444135296097955
0.00024108455068736338
0.00023778152542595432
0.00023450454837930306
0.00023125371137374418
0.00022802910338783273
0.00022483081043435518
0.00022165891544563627
0.000218513498162181
0.0002153946350246923
0.00021230239906924544
0.00020923685982629067
0.0002061980832233637
0.00020318613149143425
0.0002002010630748079
0.00019724293254556218
0.00019431179052124129
0.000191407683587141
0.0001885306542222786
0.00018568074072976122
0.00018285797717117994
0.00018006239330507418
0.0001772940145301673
0.00017455286183202173
0.0001718389517348442
0.00016915229625694516
0.0001664929028707422
0.00016386077446696448
0.00016125590932333916
0.00015867830107741218
0.00015612793870350107
0.0001536048064938397
0.00015110888404465462
0.0001486401462452783
0.00014619856327227496
0.0001437841005872734
0.00014139671893898702
0.00013903637436915527
0.00013670301822243128
0.0001343965971602284
0.00013211705317844291
0.00012986432362855444
0.00012763834124300097
0.00012543903416368314
0.00012326632597420588
0.00012112013573556933
0.00011900037802530639
0.00011690696297958043
0.00011483979633904483
0.00011279877949716647
0.00011078380955214726
0.00010879477936134373
0.00010683157759881434
0.00010489408881542478
0.00010298219350151966
0.00010109576815240375
9.923468533602131e-05
9.739881376294232e-05
9.558801835875615e-05
9.380216033842417e-05
9.204109728270549e-05
9.030468321643238e-05
8.859276868878944e-05
8.690520085489764e-05
8.52418235594378e-05
8.360247742146616e-05
8.198699992060038e-05
8.039522548475524e-05
7.882698557871785e-05
7.728210879396153e-05
7.576042093947324e-05
7.426174513328504e-05
7.278590189488214e-05
7.133270923826966e-05
6.990198276555347e-05
6.849353576107428e-05
6.710717928572637e-05
6.574272227184114e-05
6.439997161801967e-05
6.307873228418901e-05
6.177880738662571e-05
6.0499998292822144e-05
5.924210471640017e-05
5.800492481159057e-05
5.6788255267386804e-05
5.5591891401504724e-05
5.4415627253546975e-05
5.325925567790058e-05
5.212256843581073e-05
5.100535628690745e-05
4.9907409079784385e-05
4.882851584201168e-05
4.776846486893354e-05
4.672704381182129e-05
4.57040397648439e-05
4.4699239350979215e-05
4.3712428806895154e-05
4.274339406657696e-05
4.179192084379044e-05
4.0857794713291795e-05
3.994080119066399e-05
3.9040725810890054e-05
3.81573542055325e-05
3.7290472178386516e-05
3.643986577991084e-05
3.560532137989713e-05
3.478662573883416e-05
3.398356607768516e-05
3.319593014601909e-05
3.2423506288692886e-05
3.1666083510815774e-05
3.0923451541174834e-05
3.0195400893967848e-05
2.9481722928897238e-05
2.8782209909681596e-05
2.809665506074121e-05
2.7424852622389297e-05
2.676659790417996e-05
2.612168733670089e-05
2.548991852158886e-05
2.487109027991887e-05
2.426500269885247e-05
2.3671457176674374e-05
2.309025646609619e-05
2.2521204715919157e-05
2.1964107511050543e-05
2.1418771910820254e-05
2.0885006485706473e-05
2.0362621352444332e-05
1.985142820745134e-05
1.9351240358746044e-05
1.886187275621665e-05
1.8383142020365655e-05
1.7914866469496645e-05
1.7456866145354848e-05
1.7008962837324464e-05
1.6570980105061863e-05
1.6142743299724182e-05
1.5724079583742554e-05
1.531481794917637e-05
1.4914789234678118e-05
1.4523826141097262e-05
1.4141763245746179e-05
1.3768437015332324e-05
1.3403685817628679e-05
1.3047349931867637e-05
1.2699271557912594e-05
1.2359294824206149e-05
1.2027265794573248e-05
1.1703032473824698e-05
1.1386444812294646e-05
1.1077354709250442e-05
1.0775616015254106e-05
1.0481084533476537e-05
1.0193618020026408e-05
9.913076183276418e-06
9.639320682272292e-06
9.372215124192983e-06
9.111625060939868e-06
8.857417984858341e-06
8.609463323627882e-06
8.367632434342034e-06
8.131798596821844e-06
7.901837006169689e-06
7.677624764612799e-06
7.459040872640187e-06
7.245966219487743e-06
7.0382835729709345e-06
6.835877568714032e-06
6.638634698779097e-06
6.446443299750595e-06
6.259193540265741e-06
6.076777408050246e-06
5.899088696452098e-06
5.726022990516402e-06
5.557477652631675e-06
5.393351807747789e-06
5.2335463282014866e-06
5.077963818174717e-06
4.926508597805577e-06
4.7790866869614196e-06
4.635605788716372e-06
4.495975272530759e-06
4.360106157174326e-06
4.227911093391472e-06
4.099304346342383e-06
3.974201777836546e-06
3.852520828367505e-06
3.734180498972855e-06
3.619101332939698e-06
3.507205397364845e-06
3.3984162645925958e-06
3.292658993530415e-06
3.1898601108862435e-06
3.089947592306748e-06
2.9928508434600315e-06
2.8985006810610547e-06
2.806829313849172e-06
2.71777032354927e-06
2.6312586458068344e-06
2.5472305511229645e-06
2.465623625792863e-06
2.3863767528663564e-06
2.309430093130624e-06
2.2347250661339676e-06
2.1622043312570546e-06
2.0918117688393046e-06
2.023492461369888e-06
1.9571926747541634e-06
1.8928598396610832e-06
1.8304425329588335e-06
1.7698904592484585e-06
1.7111544325001513e-06
1.6541863577986722e-06
1.598939213207533e-06
1.5453670317549783e-06
1.4934248835426158e-06
1.4430688579971623e-06
1.394256046251495e-06
1.346944523672642e-06
1.3010933325372256e-06
1.2566624648577002e-06
1.2136128453634701e-06
1.1719063146443483e-06
1.1315056124511203e-06
1.0923743611676318e-06
1.05447704944863e-06
1.017779016028025e-06
9.822464337045475e-07
9.478462935005131e-07
9.145463890004068e-07
8.823153008686278e-07
8.511223815513185e-07
8.209377401597623e-07
7.917322275380564e-07
7.634774215195135e-07
7.361456123680932e-07
7.097097884074264e-07
6.841436218404681e-07
6.594214547569137e-07
6.355182853305134e-07
6.124097542072483e-07
5.900721310827073e-07
5.684823014704087e-07
5.476177536608726e-07
5.274565658696114e-07
5.079773935760775e-07
4.891594570519935e-07
4.7098252907821456e-07
4.5342692285136055e-07
4.3647348007676666e-07
4.201035592503381e-07
4.0429902412582113e-07
3.8904223236776216e-07
3.74316024390446e-07
3.601037123780699e-07
3.463890694899161e-07
3.331563192458205e-07
3.203901250923421e-07
3.0807558014764165e-07
2.9619819712488573e-07
2.847438984311063e-07
2.736990064422676e-07
2.6305023395091335e-07
2.527846747870179e-07
2.428897946087229e-07
2.333534218625704e-07
2.2416373891130753e-07
2.1530927332766418e-07
2.0677888935219214e-07
1.9856177951429137e-07
1.9064745641356533e-07
1.830257446608921e-07
1.7568677297677044e-07
1.686209664456449e-07
1.6181903892395525e-07
1.5527198560057846e-07
1.4897107570738215e-07
1.4290784537876443e-07
1.3707409065748665e-07
1.314618606455722e-07
1.2606345079826383e-07
1.2087139635893075e-07
1.1587846593356726e-07
1.1107765520231994e-07
1.0646218076675626e-07
1.0202547413078039e-07
9.776117581310983e-08
9.366312958967612e-08
8.972537686403877e-08
8.594215116373862e-08
8.230787276079824e-08
7.881714341465515e-08
7.546474123519578e-08
7.224561566453351e-08
6.915488257524882e-08
6.618781948340888e-08
6.333986087447981e-08
6.060659364013892e-08
5.7983752624386114e-08
5.546721627679298e-08
5.3053002411356554e-08
5.0737264068883496e-08
4.851628548126306e-08
4.638647813564243e-08
4.434437693695567e-08
4.2386636466766966e-08
4.051002733677949e-08
3.871143263530569e-08
3.698784446477767e-08
3.533636056875037e-08
3.375418104659511e-08
3.223860515411595e-08
3.07870281885484e-08
2.9396938456138785e-08
2.8065914320712105e-08
2.6791621331550352e-08
2.5571809429016574e-08
2.4404310226234805e-08
2.3287034365302963e-08
