0.053956287323465316
0.08274974881838508
0.0952024753771262
0.09738085677695074
0.09340443180772932
0.08602626725933883
0.0770477773418982
0.06761387218874486
0.05842185242448059
0.04986833902569053
0.042151855389342366
0.03534380795747624
0.029437062115221943
0.02437872788679723
0.020091895456994528
0.016489703022987363
0.013484139013821613
0.010991274757309133
0.008934117160525413
0.007243909025600948
0.005860447194104132
0.004731806618483714
0.0038137304779612673
0.003068857194191301
0.0024658935189457395
0.001978800724135557
0.0015860325440655663
0.0012698447591550778
0.001015684216982327
0.0008116575631838249
0.0006480755234348637
0.0005170662017390075
0.00041224982001990853
0.0003284671241769585
0.00026155398612178366
0.00020815531502662346
0.00016557210703884307
0.00013163621745560262
0.0001046081758937715
8.309405085239078e-05
6.597798896620577e-05
5.236760028410688e-05
4.1549834559486695e-05
3.295539902908759e-05
2.6130111664836302e-05
2.0711872396153038e-05
1.641217541166287e-05
1.300128511019942e-05
1.0296362786757544e-05
8.151966236646431e-06
6.452454983764735e-06
5.105923959910752e-06
4.0393617335588705e-06
3.1947888081529732e-06
2.5261795902113867e-06
1.9970104528709476e-06
1.5783076162025909e-06
1.2470937514184213e-06
9.851524551617866e-07
7.780459834559356e-07
6.143346553940353e-07
4.849567631213017e-07
3.827361656481733e-07
3.0199141071415254e-07
2.3822555332202935e-07
1.8788008863442843e-07
1.4813980567762046e-07
1.1677806923106413e-07
9.203418876759817e-08
7.251624624282937e-08
5.7124117637403314e-08
4.498850739138341e-08
3.5422676922837004e-08
2.7884233557512707e-08
2.194489051888697e-08
1.72665409267488e-08
1.3582331973933083e-08
1.0681697858856355e-08
8.398526195684843e-09
6.601804074971602e-09
5.188225907752069e-09
4.076352975685739e-09
3.2020000415020856e-09
2.514592069432691e-09
1.9742877326812016e-09
1.5497088576211587e-09
1.2161485848699014e-09
9.541576494532545e-10
7.484292521870814e-10
5.869196657692201e-10
4.601549072228242e-10
3.606842385623377e-10
2.826495047532912e-10
2.2144583750319645e-10
1.7345440598456476e-10
1.3583196686541902e-10
1.0634518216076557e-10
8.32402134621446e-11
6.514010668280662e-11
5.096406467912822e-11
3.986395460687916e-11
3.117438276093996e-11
2.437344735331274e-11
1.9051893021879162e-11
1.4888874451370756e-11
1.1632917682959904e-11
9.08696810013229e-12
7.096650763245881e-12
5.541055200589822e-12
4.3255035770807075e-12
3.3758767492437684e-12
2.634163692088811e-12
2.054971374537727e-12
1.6027884804985432e-12
1.2498406695606148e-12
9.744099021561632e-13
7.595177353149737e-13
5.918940143553268e-13
4.611692941258671e-13
3.5924260508709794e-13
2.797866100841862e-13
2.1786038694180633e-13
1.6960650007642954e-13
1.3201406865682365e-13
1.0273349633470265e-13
7.993163160822815e-14
6.217856193198138e-14
4.83591528722957e-14
3.760393917500059e-14
2.923514650656946e-14
2.2724540660400312e-14
1.7660520015363913e-14
1.3722430007253693e-14
1.0660519073422232e-14
8.280300432611792e-15
6.430353925199392e-15
4.992813238130312e-15
3.875948932026014e-15
3.0083867704035944e-15
2.3346017538669182e-15
1.811407119212133e-15
1.4052191766773882e-15
1.089926987951606e-15
8.452334751880217e-16
6.553638995433155e-16
5.080605575228313e-16
3.938004231623704e-16
3.0518641510110617e-16
2.364738507387282e-16
1.8320213767296923e-16
1.4190837118915804e-16
1.0990466630892582e-16
8.510507449188482e-17
6.589106890507115e-17
5.1007023696850165e-17
3.947901446013022e-17
3.0551748076687444e-17
2.3639583240955735e-17
1.828850058418538e-17
1.414657992067322e-17
1.0941085732825572e-17
8.460684911381874e-18
6.541649701014169e-18
5.057154600861513e-18
3.9089748531943765e-18
3.021048757365483e-18
2.3344862039272113e-18
1.8036991938383762e-18
1.3934026469286955e-18
1.0762901497738751e-18
8.312330523742282e-19
6.418853007859505e-19
4.95602770935649e-19
3.8260634320046326e-19
2.9533384649516447e-19
2.2793832912701277e-19
1.7589967788828925e-19
1.3572402516763688e-19
1.0471113681050978e-19
8.07744340952688e-20
6.230176125331694e-20
4.804769031112537e-20
3.705023223479567e-20
2.8566432869908354e-20
2.202257908206511e-20
1.6975706351902965e-20
1.3083847090671986e-20
1.0083038157903613e-20
7.769554501482006e-21
5.9861829714533916e-21
4.611619029989935e-21
3.5522769900694985e-21
2.7359652824091118e-21
2.107002699164994e-21
1.6224478228965541e-21
1.2491882954982405e-21
9.61694147870886e-22
7.402839184439068e-22
5.697866944065452e-22
4.38509802558534e-22
3.3744242806055505e-22
2.596413195072775e-22
1.9975700759555972e-22
1.5366844216382745e-22
1.182012725670646e-22
9.091064952229309e-23
6.991379172619082e-23
5.376093072228994e-23
4.1335849112368e-23
3.177923527734161e-23
2.4429627496638043e-23
1.8777916201293636e-23
1.4432295747988947e-23
1.1091268879152583e-23
8.522856066173223e-24
6.5485853731775785e-24
5.031165018373112e-24
3.864992590174912e-24
2.968848989424125e-24
2.280274805204638e-24
1.7512421675781283e-24
1.344824007962131e-24
1.0326311533646005e-24
7.928404565676413e-25
6.086778230647401e-25
4.672513158141319e-25
3.5865364253708557e-25
2.7527190887411467e-25
2.1125682723514e-25
1.6211458663201179e-25
1.2439306936709596e-25
9.544062875141106e-26
7.322066687135306e-26
5.616911870094136e-26
4.308492484200304e-26
3.304586509454026e-26
2.5343886844752327e-26
1.9435417598698484e-26
1.4903193524674393e-26
1.1426937719405015e-26
8.76083857465777e-27
6.716252818393238e-27
5.1484224115071224e-27
3.9462747964704816e-27
3.0245914842408198e-27
2.3179956038962135e-27
1.7763363471418824e-27
1.3611460769565322e-27
1.042921051085553e-27
7.990344777695809e-28
6.1213500240141235e-28
4.689178181922242e-28
3.5918178327400267e-28
2.7510604188534186e-28
2.106950957603447e-28
1.6135313513262586e-28
1.2355754808141017e-28
9.460852096588868e-29
7.243701211335706e-29
5.54575027715413e-29
4.2455093165695396e-29
3.249893979684331e-29
2.4875893689128604e-29
1.9039629367135617e-29
1.457165165292531e-29
1.115140927855105e-29
8.533390206843995e-30
6.529569027372969e-30
4.9959568525661935e-30
3.8222956359887164e-30
2.9241623926867935e-30
2.236920238533763e-30
1.7110846235539713e-30
1.3087739278765519e-30
1.0009908647329563e-30
7.6554037594245665e-31
5.854351163512846e-31
4.476744311323132e-31
3.4230940735617124e-31
2.6172702610251443e-31
2.0010210865965815e-31
1.5297775542750897e-31
1.169441744134996e-31
8.939284337686847e-32
6.832834836145539e-32
5.222437690109517e-32
3.991351186939597e-32
3.050289811352615e-32
2.3309712110329913e-32
1.7811787813807809e-32
1.3609841466103097e-32
1.0398572442851373e-32
7.944555972482915e-33
6.0693326003683594e-33
4.636473634352629e-33
3.541688377377346e-33
2.7052582984186453e-33
2.0662511735510156e-33
1.5780967112773208e-33
1.2052034988651871e-33
9.20372344583984e-34
7.02818660094972e-34
5.366605742798382e-34
4.097631683915416e-34
3.1285500237929604e-34
2.3885282276214077e-34
1.8234542700409101e-34
1.3919919691756962e-34
1.0625663772745858e-34
8.110600781509785e-35
6.190528474344201e-35
4.724765932181549e-35
3.605876677008812e-35
2.7518171002322683e-35
2.099938177867403e-35
1.6024032809521375e-35
1.2226879612251088e-35
9.329063783861518e-36
7.117692552439664e-36
5.4302427273162905e-36
4.142649920461081e-36
3.1602127227472126e-36
2.4106469339244367e-36
1.838781906122757e-36
1.4025109903702583e-36
1.0696997053277668e-36
8.158252511310827e-37
6.221744698671266e-37
4.744682066812151e-37
3.618112306412031e-37
2.7589070956903327e-37
2.10364437479348e-37
1.603939165487397e-37
1.2228801328277168e-37
9.32310167491751e-38
7.107511817810738e-38
5.418205880359863e-38
4.130230240588773e-38
3.148284487984315e-38
2.399687708596668e-38
1.8290123391551183e-38
1.393990437741348e-38
1.0623908071925913e-38
8.096368419016162e-39
6.169894905624386e-39
4.7016133866628573e-39
3.5825957090578575e-39
2.7297980769829006e-39
2.0799130280304747e-39
1.5846809991988736e-39
1.2073151293138204e-39
9.197750927157354e-40
7.0068843269622995e-40
5.337656770475781e-40
4.065919935744791e-40
3.09705967798338e-40
2.358973093600336e-40
1.7967148243077923e-40
1.3684160298001029e-40
1.0421736297883151e-40
7.936792362650007e-41
6.044119675980673e-41
4.602611029734e-41
3.504763844979429e-41
2.668680592573501e-41
2.0319727011966752e-41
1.5471152176707965e-41
1.1779071174995756e-41
8.967742197366988e-42
6.827142142885006e-42
5.197309947111176e-42
3.956418381081323e-42
3.011686798072078e-42
2.2924584802218434e-42
1.7449271874415603e-42
1.3281201769972488e-42
1.0108384456609729e-42
7.693261871121063e-43
5.8549574531920225e-43
4.455757122589439e-43
3.3908133928044226e-43
2.5803044842930164e-43
1.9634632884328223e-43
1.4940304468606017e-43
1.1367920226849787e-43
8.649431534857266e-44
6.58080714469019e-44
5.006749733264344e-44
3.8090598354216923e-44
2.8977770491228193e-44
2.204435891600666e-44
1.6769317169669676e-44
1.2756124625118214e-44
9.703036508904973e-45
7.380438781541006e-45
5.613611730792662e-45
4.2696109011713175e-45
3.247282194360499e-45
2.4696626546039453e-45
1.8781971360703277e-45
1.42833709218106e-45
1.0861913010325918e-45
8.259771930163092e-46
6.280814747208983e-46
4.7758443981320875e-46
3.631371426440369e-46
2.7610708857132734e-46
2.09928249359606e-46
1.5960655220407314e-46
1.2134366658046075e-46
9.225079920623057e-47
7.013097024733545e-47
5.331339060157676e-47
4.052747674085576e-47
3.080702007314104e-47
2.341729576131611e-47
1.7799621698156217e-47
1.3529191453341137e-47
1.028300411949549e-47
7.815474148735455e-48
5.93988261771369e-48
4.514271357358755e-48
3.43071611959007e-48
2.6071695991651464e-48
1.981258841090873e-48
1.5055689184073774e-48
1.1440568520948487e-48
8.693250019283654e-49
6.60548004792564e-49
5.018966591124544e-49
3.813396665122923e-49
2.897326714537709e-49
2.2012573666853026e-49
1.6723689255411412e-49
1.2705194657817455e-49
9.652028063118516e-50
7.332362004896341e-50
5.570027523912563e-50
4.231155195119783e-50
3.2140215941201247e-50
2.4413322971938916e-50
1.854356895019304e-50
1.4084716835034771e-50
1.0697722687361814e-50
8.12499343159857e-51
6.170824812971548e-51
4.6865362378245546e-51
3.559175090304577e-51
2.702933655178173e-51
2.0526274121292844e-51
1.5587397687528483e-51
1.1836570976931557e-51
8.988082354552475e-52
6.824912236598267e-52
5.182222269956986e-52
3.93481197368699e-52
2.9875897453222547e-52
2.268334031974075e-52
1.722194406494266e-52
1.3075144636958048e-52
9.926588862522755e-53
7.536033444441166e-53
5.7210387917635085e-53
4.343064748577823e-53
3.296910022982485e-53
2.502691436042722e-53
1.899752324489181e-53
1.4420362182162038e-53
1.0945734270418237e-53
8.308128846952103e-54
6.305959506417064e-54
4.7861775468569956e-54
3.6325880215026093e-54
2.7569776329406026e-54
2.0923779477643234e-54
1.5879501374567828e-54
1.205101046964215e-54
9.145342644670448e-55
6.940111604444516e-55
5.266510100554659e-55
3.99640433868515e-55
3.0325362034811032e-55
2.3010850863615566e-55
1.746021191135726e-55
1.3248189466195894e-55
1.0052029998507928e-55
7.626781153851102e-56
5.786541793898294e-56
4.390229682843727e-56
3.3307785905030253e-56
2.5269386566781416e-56
1.9170528364513773e-56
1.4543333107746406e-56
1.1032764341674114e-56
8.369418596750637e-57
6.348875795154849e-57
4.816027978769037e-57
3.653186433677638e-57
2.7710564365308214e-57
