0.003003857459700954
0.004825804123820742
0.005823248623093821
0.006255697728635405
0.006310229282072098
0.006120584586750727
0.005781403823387325
0.005358796428715922
0.004898163455416108
0.004429968932121444
0.003973985437376166
0.0035424072470122575
0.0031421244750951256
0.0027763765413027215
0.0024459472126608186
0.002150021724071482
0.0018867954649906674
0.00165390067864476
0.0014487004916803982
0.001268486842406861
0.0011106093717478396
0.0009725552480025182
0.0008519945998027993
0.0007468022775888017
0.0006550637164517494
0.0005750704821392029
0.0005053094601358194
0.00044444845411668356
0.00039132008824156213
0.0003449052769255492
0.0003043170745680075
0.0002687853996242683
0.00023764290706320117
0.00021031213399727892
0.00018629394509151508
0.00016515724234613064
0.00014652986701673744
0.00013009060176061537
0.00011556217281615096
0.0001027051510435386
9.131265414460301e-05
8.12057583994363e-05
7.222953553545196e-05
6.424963805767656e-05
5.714936401961019e-05
5.082713951398633e-05
4.5194363966666e-05
4.017356956336786e-05
3.5696851821862346e-05
3.1704533461683336e-05
2.8144028354216314e-05
2.4968876497587013e-05
2.2137924692354434e-05
1.961463093241916e-05
1.7366473504357135e-05
1.536444843764072e-05
1.3582641295551352e-05
1.1997861366871266e-05
1.0589328135233059e-05
9.338401488336193e-06
8.228348503963611e-06
7.244140834225222e-06
6.372277722841862e-06
5.60063055106241e-06
4.918305533559191e-06
4.315521792846261e-06
3.7835025448242217e-06
3.3143775432290288e-06
2.901095270012235e-06
2.537343633781528e-06
2.2174781597550892e-06
1.936456831544104e-06
1.6897808854272749e-06
1.4734409685690426e-06
1.2838681597372847e-06
1.1178894193979845e-06
9.726870897404528e-07
8.457621075281409e-07
7.349006264164588e-07
6.381437726401988e-07
5.537602804785581e-07
4.802217729074212e-07
4.1618046935847066e-07
3.604491172153835e-07
3.1198295712461676e-07
2.698635447281129e-07
2.332842632781589e-07
2.0153737292069936e-07
1.7400245330859044e-07
1.501361066762407e-07
1.2946279857430473e-07
1.115667231220189e-07
9.60845888667587e-08
8.269923012375475e-08
7.11339569868798e-08
6.114756503520445e-08
5.252993310340721e-08
4.5098144330940786e-08
3.869307205828145e-08
3.317637800660651e-08
2.8427875573180735e-08
2.434321601476487e-08
2.083185979712216e-08
1.7815299482609344e-08
1.5225504234736005e-08
1.3003559364365943e-08
1.109847735296084e-08
9.466159490010298e-09
8.068489680143611e-09
6.872544134826968e-09
5.849902587823864e-09
4.976048384676857e-09
4.229846315396065e-09
3.5930884055791227e-09
3.0500990721924416e-09
2.5873921026768e-09
2.193372844795303e-09
1.8580798133499328e-09
1.5729606408191866e-09
1.330677933194437e-09
1.1249411497558566e-09
9.503611151081608e-10
8.023242014637204e-10
6.768835959562037e-10
5.706653979969532e-10
4.807875809189493e-10
4.0479010532135595e-10
3.4057469300533705e-10
2.863529640281791e-10
2.4060180861008674e-10
2.0202501339276584e-10
1.695202905246187e-10
1.4215097055214582e-10
1.1912171817728685e-10
9.975771539380985e-11
8.348683092169612e-11
6.982435960234442e-11
5.835997171847205e-11
4.874656112636757e-11
4.06907235735084e-11
3.3944633440825745e-11
2.8299119116167672e-11
2.3577764903611642e-11
1.963189135374982e-11
1.6336286645079612e-11
1.35855795786393e-11
1.1291160235119421e-11
9.378567708315792e-12
7.785275851874136e-12
6.458817902891252e-12
5.355199389896686e-12
4.437556080036061e-12
3.6750200329015174e-12
3.041762247230861e-12
2.5161850340083523e-12
2.080241231484407e-12
1.7188607865335754e-12
1.4194681422880105e-12
1.171576363337773e-12
9.664460566744611e-13
7.967989606678093e-13
6.565776202711757e-13
5.407438828075981e-13
4.4511006821993853e-13
3.6619761909269757e-13
3.011188435817011e-13
2.474780496745667e-13
2.0328895003216438e-13
1.6690570850280299e-13
1.369654155339854e-13
1.1234013147230534e-13
9.209693384060508e-14
7.546465539371379e-14
6.18062111404659e-14
5.059559060007669e-14
4.139874145601308e-14
3.385769683737327e-14
2.7677404397031234e-14
2.261480430868301e-14
1.8469777934757383e-14
1.507765148056373e-14
1.2302991356353213e-14
1.0034471833147118e-14
8.180632264163195e-15
6.666371802633393e-15
5.4300551497149e-15
4.421124230796546e-15
3.598128513230006e-15
2.9271015224655184e-15
2.3802234730818185e-15
1.9347202148743632e-15
1.5719572445370216e-15
1.2766946377694619e-15
1.0364746553441163e-15
8.411186710391637e-16
6.823141276486198e-16
5.532755900900322e-16
4.484667493213715e-16
3.633725352201302e-16
2.9431240238602583e-16
2.382874279475465e-16
1.9285516145693143e-16
1.5602724087664722e-16
1.261856745925151e-16
1.0201441979649135e-16
8.244348940673263e-17
6.660331527890358e-17
5.3787503324400415e-17
4.342245162356404e-17
3.5042578395442666e-17
2.827013325587978e-17
2.2798751237402882e-17
1.8380061723925723e-17
1.481278968387651e-17
1.193388924746678e-17
9.611333789404652e-18
7.738255561636706e-18
6.2281843009194924e-18
5.0111803587024805e-18
4.030695613056349e-18
3.2410262422913816e-18
2.6052466145970516e-18
2.0935341014836926e-18
1.6818113950513516e-18
1.3506465893088095e-18
1.0843624385677784e-18
8.703152940397318e-19
6.983116219456983e-19
5.601360326834516e-19
4.491696544367873e-19
3.60081673286024e-19
2.885801047542092e-19
2.3121049707329267e-19
1.8519340716944693e-19
1.482932285320281e-19
1.187123608428027e-19
9.50058557082764e-20
7.601260091814153e-20
6.079985794904729e-20
4.8618576990886855e-20
3.8867407475090016e-20
3.106372179083633e-20
2.4820293354083908e-20
1.9826531879580936e-20
1.5833390320419934e-20
1.2641228997764932e-20
1.0090060665249467e-20
8.051711899555988e-21
6.423526356374666e-21
5.123308192678469e-21
4.085262663462274e-21
3.256738251599698e-21
2.595612866334412e-21
2.06819741563485e-21
1.6475548486284757e-21
1.312152731308464e-21
1.0447834948812992e-21
8.3169943521701005e-22
6.619199525421215e-22
5.266768940449323e-22
4.189705948456286e-22
3.332146245331699e-22
2.649515949755463e-22
2.1062587814071023e-22
1.6740188762069492e-22
1.3301882926295455e-22
1.0567463333454767e-22
8.393323034736254e-23
6.665049535740787e-23
5.291511775656393e-23
4.20014007648874e-23
3.3331593547321084e-23
2.644583848020451e-23
2.0978200166334096e-23
1.663755028022839e-23
1.3192328419747199e-23
1.0458396046755089e-23
8.289358104223152e-24
6.568852849597732e-24
5.204411136898985e-24
4.122566856584053e-24
3.2649645438854285e-24
2.5852615301328995e-24
2.0466630297283317e-24
1.6199613029070239e-24
1.2819761720746584e-24
1.0143150259287548e-24
8.023870835957601e-25
6.346199603922058e-25
5.018371569045823e-25
3.9676352677850136e-25
3.136324996465225e-25
2.4787419049448205e-25
1.9586779208304163e-25
1.547450436872152e-25
1.222342736311692e-25
9.653666552561083e-26
7.622811093846807e-26
6.018137390550685e-26
4.7504376543995005e-26
3.749127691473607e-26
2.9583695490618127e-26
2.3339991219496254e-26
1.8410920962127067e-26
1.452035992816275e-26
1.1450033846001877e-26
9.027430486381231e-27
7.116230353537236e-27
5.60873304014253e-27
4.419864213078037e-27
3.482434260855418e-27
2.7433879040852837e-27
2.160838215104121e-27
1.7017214253328348e-27
1.3399429339208778e-27
1.0549119070660704e-27
8.303832337950474e-28
6.53542539807184e-28
5.142833759193897e-28
4.046363215674377e-28
3.1831815570389936e-28
2.503759065359433e-28
1.969058620653766e-28
1.5483179405718672e-28
1.2172994775398022e-28
9.569095975852864e-29
7.52109307396768e-29
5.910551183425877e-29
4.644215398938628e-29
3.6486689420012524e-29
2.866122037656115e-29
2.2510927272413582e-29
1.7677911323239835e-29
1.3880584217893602e-29
1.0897431138831037e-29
8.554221209971354e-30
6.713935033992593e-30
5.268833350045881e-30
4.134212660361288e-30
3.2434897876285116e-30
2.5443331448695307e-30
1.995618300359444e-30
1.5650325783594256e-30
1.2271906185247612e-30
9.621521282941006e-31
7.5425616553834225e-31
5.9120449524904e-31
4.633409094662494e-31
3.6308470095970408e-31
2.844853828990992e-31
2.228727572406467e-31
1.7458195474408675e-31
1.3673741552585404e-31
1.0708320007926734e-31
8.3849713182174e-32
6.564904188729412e-32
5.139277583657857e-32
4.022748956561051e-32
3.1484097972045493e-32
2.463810733652078e-32
1.9278422155112828e-32
1.508286953540036e-32
1.1798997121596161e-32
9.2290103517802e-33
7.217958335296706e-33
5.6444689524028126e-33
4.413484078014729e-33
3.4505638923971916e-33
2.6974219657305154e-33
2.1084256177111698e-33
1.647853224681027e-33
1.2877450294866137e-33
1.0062192397751787e-33
7.861528506164194e-34
6.141483252049834e-34
4.7972429197010666e-34
3.7468177239997946e-34
2.9260793039498054e-34
2.2848755067764923e-34
1.783988972866442e-34
1.3927565545754138e-34
1.0872062110177402e-34
8.485990697838307e-35
6.622886819285238e-35
5.168285676628152e-35
4.0327409379478504e-35
3.146364318970263e-35
2.454555178617633e-35
1.9146611743849862e-35
1.4933672862458029e-35
1.1646545757832111e-35
9.08204543675725e-36
7.08151955243092e-36
5.5211014407054696e-36
4.304093499763148e-36
3.3550159654633626e-36
2.6149574597247738e-36
2.0379429662960184e-36
1.588096907268675e-36
1.237427505865686e-36
9.640965634387926e-37
7.510684506845909e-37
5.850553147885057e-37
4.5569364435967975e-37
3.549015151841528e-37
2.763769247377059e-37
2.152062870977278e-37
1.6755893044757116e-37
1.3044872986271027e-37
1.0154814157711599e-37
7.904313411460167e-38
6.152003409712575e-38
4.787727467646545e-38
3.725657313410165e-38
2.898926564754514e-38
2.2554465303836977e-38
1.7546441806887185e-38
1.3649193025273044e-38
1.0616624760011139e-38
8.257103375773625e-39
6.421417713948038e-39
4.993398768596344e-39
3.882611058923836e-39
3.018658705391451e-39
2.3467498995196152e-39
1.8242419863226566e-39
1.4179506215570168e-39
1.1020542236049873e-39
8.564621775168597e-40
6.655442808766902e-40
5.1714155360612266e-40
4.017961755138117e-40
3.1215206549892105e-40
2.424883322089843e-40
1.8835617636056276e-40
1.4629633139322665e-40
1.1361919832231088e-40
8.823377969626215e-41
6.851459367258761e-41
5.319814513454279e-41
4.130239670809305e-41
3.206413559536926e-41
2.4890263568981354e-41
1.9319918379425813e-41
1.4995020620822432e-41
1.163737394558431e-41
9.030862043597233e-42
7.007609200741601e-42
5.4372229270221886e-42
4.218432985248226e-42
3.272593530343542e-42
2.5386336213495685e-42
1.9691335940722876e-42
1.5272765217897845e-42
1.1844797901991228e-42
9.185552090502966e-43
7.122798304448587e-43
5.5228588555824055e-43
4.281986551361825e-43
3.319669520029494e-43
2.5734322543710614e-43
1.9947988289981486e-43
1.5461587507275725e-43
1.1983338058038631e-43
9.286892663328654e-44
7.196677847530671e-44
5.576514737888587e-44
4.320787773377598e-44
3.347591357297287e-44
2.5934118669623135e-44
2.0090013733071084e-44
1.5561762663495658e-44
1.2053336592463386e-44
9.335247851931252e-45
7.229605846407052e-45
5.5985261825782676e-45
4.335141308202968e-45
3.3566292878462056e-45
2.598808041421202e-45
2.0119438155203852e-45
1.557501388997614e-45
1.205624613575258e-45
9.331833024842833e-46
7.222592685185056e-46
5.589728557362647e-46
4.3257345275953406e-46
3.3473465353919246e-46
2.590080561508467e-46
2.004000252015632e-46
1.5504375895644056e-46
1.1994521842823937e-46
9.278629599769875e-47
7.177233878990048e-47
5.551403998078583e-47
4.29359579318086e-47
3.3205664764399106e-47
2.5678876104642847e-47
1.9856960219766643e-47
1.5354035855157692e-47
1.187149667176155e-47
9.178287305427819e-48
7.095633534011557e-48
5.485221509196461e-48
4.2400476097667137e-48
3.2773360248090786e-48
2.5330571694867107e-48
1.957685378853897e-48
1.5129159193810116e-48
1.1691245529761288e-48
9.034018298242386e-49
6.980321865994432e-49
5.3931727444755386e-49
4.166656649419003e-49
3.2188867587618308e-49
2.486556795383737e-49
1.9207280043033766e-49
1.48357071572561e-49
1.1458443630975767e-49
8.849487236240595e-50
6.834169924487375e-50
5.277505881290626e-50
4.0751824962820746e-50
3.146595208100627e-50
2.4294628628232795e-50
1.8756651954510495e-50
1.4480252522923014e-50
1.1178223927750955e-50
8.62870102629283e-51
6.660304362182057e-51
5.1406597570194084e-51
3.9675267673589837e-51
3.061943564143025e-51
2.3629302343019363e-51
1.823396459621238e-51
1.4069799046407642e-51
1.0856037874563386e-51
8.375901486578905e-52
6.462024715598852e-52
4.9852001427314645e-52
3.845684034363768e-52
2.9664818950207425e-52
2.2881631795684265e-52
1.764857140013464e-52
1.3611609370770092e-52
1.0497523107866484e-52
8.095463638345904e-53
6.242725251609434e-53
4.813759708432417e-53
3.7116957217296763e-53
2.8617927541571655e-53
2.2063882148871943e-53
1.700997578154238e-53
1.3113045212735538e-53
1.010838091552428e-53
7.791801790503961e-54
6.005823007449054e-54
4.628982903367465e-54
3.567607899701039e-54
2.7494588714768066e-54
2.118829379103318e-54
1.6327642003307007e-54
1.2581422723022782e-54
9.694265661397256e-55
7.469285033949557e-55
5.7546932300180274e-55
4.433476649507631e-55
3.4154336405899786e-55
2.6310344236290667e-55
2.0266863146259697e-55
1.5610828006201216e-55
1.2023885036308204e-55
9.26068765246327e-56
7.132163241115226e-56
5.492613019634519e-56
4.229767438615074e-56
3.2571203700254273e-56
2.5080201981892878e-56
1.9311153823514677e-56
1.4868441864778165e-56
1.144729320890403e-56
8.81293030963701e-57
6.784504186690114e-57
5.222713616308957e-57
4.0202651424153135e-57
3.094522430200877e-57
2.381842802580669e-57
1.83321391405822e-57
1.4108922569960224e-57
1.0858136010374239e-57
8.355981944911728e-58
6.430141979392373e-58
4.94794144173214e-58
3.8072335977821354e-58
2.929378883493498e-58
2.253837924806406e-58
1.7340075964680516e-58
1.3340145007551544e-58
1.0262458402728706e-58
7.894481966610245e-59
6.072636629352629e-59
4.671027732758767e-59
3.5927678182851562e-59
2.7632964250745455e-59
2.1252375319590952e-59
1.6344408893621778e-59
1.256934830655567e-59
9.665808014393982e-60
7.432680936208527e-60
5.715244274431717e-60
4.3944663744801153e-60
3.3787775114678135e-60
2.597737143316593e-60
1.9971607945328274e-60
1.5353703063152287e-60
1.1803086174987126e-60
9.07319849756448e-61
6.974413585583189e-61
5.360897352903883e-61
4.120499364894884e-61
3.1669764510005024e-61
2.4340107725606206e-61
1.8706084599420224e-61
1.4375603486561175e-61
1.1047197737978643e-61
8.489088893885118e-62
6.523084620706891e-62
5.0121954763456426e-62
3.851112037217302e-62
2.958882005625036e-62
2.273279321023717e-62
1.7464745561351638e-62
1.3417060958681725e-62
1.0307210153757159e-62
7.91808000862229e-63
6.082857995253187e-63
4.673424071504184e-63
3.5914472620884124e-63
2.7615749569032786e-63
2.126252979742892e-63
1.6418354242415178e-63
1.275745348174705e-63
1.004540760184768e-63
8.128362799682072e-64
6.931439379446636e-64
6.4684733971996e-64
6.867427191229697e-64
8.419162035580114e-64
1.1662546710545535e-63
1.7527283962948484e-63
2.7569294454331115e-63
4.435507061932231e-63
7.208598752307808e-63
1.176089130659998e-62
1.9204795887240221e-62
3.1343347227102575e-62
5.109294600655747e-62
8.316186851581064e-62
1.3513732326912812e-61
2.1922395865696618e-61
3.550193371231396e-61
5.7393716522540395e-61
9.262443035641608e-61
1.492236785459974e-60
2.399958855451775e-60
3.8532476745772296e-60
6.176045472430649e-60
9.88229670608442e-60
1.5786016895452587e-59
2.517433035040862e-59
4.00790466814186e-59
6.370218272226905e-59
1.0108159323330413e-58
1.6013048344989825e-58
2.5325815299202295e-58
3.998928410273401e-58
6.3040240786209695e-58
9.921775132386504e-58
1.559054866238257e-57
2.4458911067905786e-57
3.83106667886521e-57
5.991179476961054e-57
9.354446704419047e-57
1.4582773963578677e-56
2.2697683386286155e-56
3.527323877287581e-56
5.473115349154063e-56
8.479150525046343e-56
1.3116004927618476e-55
2.0257472601063116e-55
3.1239665310942206e-55
4.81025220846639e-55
7.395586241387776e-55
1.1353337459883372e-54
1.740297717552544e-54
2.6636396924438096e-54
4.0708225353099274e-54
6.212214584872899e-54
9.46610064414797e-54
1.4403198975640364e-53
2.188329640254313e-53
3.319978046559043e-53
5.0295496141508465e-53
7.608466057498607e-53
1.1493225752281325e-52
1.7336693085292152e-52
2.61139600555447e-52
3.927932363506285e-52
5.899873223465053e-52
8.84935009617671e-52
1.3254784800203057e-51
1.9825728913673988e-51
2.961306631225322e-51
4.417106453286317e-51
6.579534157643853e-51
9.78718335299564e-51
1.453878422573286e-50
2.1567942614074685e-50
3.1952295707496014e-50
4.7272718239791e-50
6.984521714382616e-50
1.0305825081607635e-49
1.5186274882659383e-49
2.234830148532503e-49
3.2844671846359998e-49
4.820752381200748e-49
7.066372859639533e-49
1.0344569540964212e-48
1.512393330981585e-48
2.208288610231502e-48
3.220237761593784e-48
4.6898973327706394e-48
6.821568969945903e-48
9.909528506273204e-48
1.4377113751070746e-47
2.0832559752408447e-47
3.014865684958639e-47
4.357625348725327e-47
6.2905781882070465e-47
9.06968393457331e-47
1.3060409535624657e-46
1.878393696043303e-46
2.6982597174084723e-46
3.8712416587422776e-46
5.54738505260972e-46
7.93962365281123e-46
1.1349772692523944e-45
1.620511461248347e-45
2.3109832005962022e-45
3.291722667209472e-45
4.683100456030283e-45
6.6547156261126e-45
9.445246917088746e-45
1.3390194903342074e-44
1.8960606313585556e-44
2.6817064848454556e-44
3.788487950890265e-44
5.345867149470489e-44
7.534768650170422e-44
1.0607745834808421e-43
1.4916935593436195e-43
2.0952764997067993e-43
2.9397484426760535e-43
4.119912247895047e-43
5.76735377831559e-43
8.064508389844512e-43
1.1264027994036961e-42
1.5715416299075553e-42
2.1901619124068593e-42
3.048923484398994e-42
4.239733875144982e-42
5.889171806448536e-42
8.17137580188799e-42
1.1325652805630774e-41
1.5680509175074678e-41
2.1686410917724916e-41
2.996039582279675e-41
4.1346759841858213e-41
5.6999520921181e-41
7.849435544154096e-41
1.0798037901887136e-40
1.4838573614498797e-40
2.0369578044897607e-40
2.7932907979711804e-40
3.826451139267071e-40
5.236290719218947e-40
7.158145646826168e-40
9.775256188334013e-40
1.3335467017572746e-39
1.8173659760015964e-39
2.474185446197919e-39
3.364956038130632e-39
4.57178107394646e-39
6.205144845541279e-39
8.413572942992547e-39
1.139652937030239e-38
1.5421617646296203e-38
2.0847499207798853e-38
2.8154398930789984e-38
3.7984669061171325e-38
5.119667455226174e-38
6.893630386936534e-38
9.273177692490799e-38
1.2461921659945427e-37
1.6730880340423455e-37
2.244044148983131e-37
3.0069368436218257e-37
4.025306851468803e-37
5.383403320375095e-37
7.192825737112623e-37
9.601261588296304e-37
1.2803970049006317e-36
1.7058860339438105e-36
2.270627118328793e-36
3.0194892536066424e-36
4.011570497822243e-36
5.324637492662195e-36
7.06092724663505e-36
9.354722115820369e-36
1.2382230728856104e-35
1.6374464878890565e-35
2.1634005282756655e-35
2.855681056605148e-35
3.766056047577073e-35
4.962145737065057e-35
6.532196658931678e-35
8.591269091539127e-35
1.1289249110293655e-34
1.4821213939631105e-34
1.944082975462441e-34
2.5477653570595745e-34
3.335945689864184e-34
4.364100305198671e-34
5.704111088957577e-34
7.449034884350816e-34
9.719235398557081e-34
1.2670259917865127e-33
1.6502948443941172e-33
2.1476396633467652e-33
2.792456369777922e-33
3.6277531700283206e-33
4.708869543719185e-33
6.1069507340422946e-33
7.913383849632398e-33
1.0245456864938635e-32
1.3253571470704625e-32
1.7130428605956162e-32
2.2122716265686493e-32
2.854596866324163e-32
3.6803441331996424e-32
4.741006739145091e-32
6.102283735157621e-32
7.847929266428881e-32
1.0084625941400815e-31
1.294814950511585e-31
1.6611160524841678e-31
2.1293044376153725e-31
2.727232777693741e-31
3.4902333684995943e-31
4.463090303424634e-31
5.702521956170454e-31
7.280303280459883e-31
9.287189650268802e-31
1.1837844029352757e-30
1.5077019045828581e-30
1.918730736517299e-30
2.4398850448127854e-30
3.1001490851607813e-30
3.9359970990152275e-30
4.993292702004195e-30
6.329660674448939e-30
8.017446315104161e-30
1.0147405017401387e-29
1.2833298652283855e-29
1.6217617162137483e-29
2.047869528334786e-29
2.583955771723933e-29
3.2578904043526024e-29
4.104474049132127e-29
5.167128334295866e-29
6.499990311142065e-29
8.170505562620108e-29
1.0262636299343648e-28
1.2880827282430602e-28
1.6154904879521026e-28
2.0246124243109835e-28
2.5354628065781923e-28
3.1728639513718565e-28
3.967578406739546e-28
4.957702288885555e-28
6.190378735260782e-28
7.723903458650047e-28
9.630310217670821e-28
1.1998543251728059e-27
1.493834707648703e-27
1.8585032358895792e-27
2.310531092328158e-27
2.8704434526349946e-27
3.5634922374501975e-27
4.420722323769381e-27
5.4802731595269286e-27
6.788966611526367e-27
8.404242601622173e-27
1.0396517019809785e-26
1.2852051989208672e-26
1.5876447327390692e-26
1.9598884634763288e-26
2.417728260042476e-26
2.9804554751735943e-26
3.671620006176297e-26
4.519950385069832e-26
5.560468279933431e-26
6.835837544957927e-26
8.397996045693867e-26
1.0310128164527229e-25
1.2649047463784572e-25
1.5508072810812402e-25
1.9000497778713803e-25
2.32637728346543e-25
2.846454331438547e-25
3.4804714166161484e-25
4.252874576757296e-25
5.193242476520741e-25
6.337340102790511e-25
7.728383781770168e-25
9.418558879295768e-25
1.1470839437887e-24
1.396116836224787e-24
1.6981067854264747e-24
2.0640762930050536e-24
2.507291639115359e-24
3.043709199858445e-24
3.692508431528202e-24
4.476727933001124e-24
5.4240240244418606e-24
6.567574850405177e-24
7.947157222982124e-24
9.610428376427042e-24
1.1614450637978008e-23
1.4027503881096166e-23
1.6931238693041905e-23
2.04232326638348e-23
2.4620023326803078e-23
2.966070433076815e-23
3.571118672369656e-23
4.2969245153803014e-23
5.167048978403784e-23
6.209542927675139e-23
7.457781892685459e-23
8.951452158646846e-23
1.0737714822366427e-22
1.2872579070906137e-22
1.5422521278781824e-22
1.8466392739688833e-22
2.209766609481918e-22
2.6427078955298366e-22
3.1585743030402174e-22
3.7728798483888917e-22
4.503970649967715e-22
5.373528843430983e-22
6.407163780143758e-22
7.635105205555168e-22
9.09301551603887e-22
1.0822940974821377e-21
1.2874424988153616e-21
1.5305810268734427e-21
1.8185761021057285e-21
2.1595041260767442e-21
2.5628591127753258e-21
3.0397949685718805e-21
3.6034080351054785e-21
4.2690663911681615e-21
5.054793425384679e-21
5.98171436084615e-21
7.074575758238361e-21
8.362349570949993e-21
9.87893510335499e-21
1.1663974264999274e-20
1.376379785667734e-20
1.6232523312249046e-20
1.913332740133775e-20
2.2539920928329818e-20
2.6538256505337793e-20
3.1228505102464865e-20
3.672734236884232e-20
4.317059176471523e-20
5.071627845173202e-20
5.954815577428404e-20
6.987977516153984e-20
8.195918053942117e-20
9.607432003326488e-20
1.125592810589328e-19
1.318014700581852e-19
1.54249875379458e-19
1.804245714119288e-19
2.109276443610126e-19
2.4645574535699417e-19
2.8781450530692237e-19
3.359350784787624e-19
3.91893118741602e-19
4.569305342342459e-19
5.324804136264123e-19
6.201955707724814e-19
7.219812152281862e-19
8.400323246850604e-19
9.768763728737038e-19
1.1354221539905479e-18
1.3190155434584035e-18
1.5315031462296769e-18
1.7773049094095352e-18
2.0614969174597668e-18
2.38990574756295e-18
2.7692159420221757e-18
3.207092356240559e-18
3.7123193675498815e-18
4.294959184875583e-18
4.966531785261921e-18
5.7402193243172446e-18
6.631098227710664e-18
7.656402574537399e-18
8.835822835707033e-18
1.019184453698694e-17
1.1750131983260923e-17
1.353996281474791e-17
1.5594719874857755e-17
1.7952447661662335e-17
2.065648151969131e-17
2.3756158716331184e-17
2.7307621648825163e-17
3.137472465634941e-17
3.603005728041105e-17
4.1356098341741914e-17
4.7446516898858024e-17
5.440763804216339e-17
6.236009357703488e-17
7.144067998347521e-17
8.180444863216637e-17
9.36270561150746e-17
1.0710740574257364e-16
1.2247061480110941e-16
1.3997134609162258e-16
1.598975466189287e-16
1.8257464111862508e-16
2.0837023343892493e-16
2.376993746903808e-16
2.710304635963078e-16
3.088918516784304e-16
3.5187923386772595e-16
4.006639139112851e-16
4.56002043633293e-16
5.187449457896628e-16
5.898506420294745e-16
6.703967204429212e-16
7.615946914544247e-16
8.648059965264489e-16
9.815598514233336e-16
1.1135731247724723e-15
1.262772473532077e-15
1.4313189798888613e-15
1.6216355592615085e-15
1.836437436674147e-15
2.078766019021438e-15
2.3520265238952168e-15
2.6600297619533553e-15
3.007038509578045e-15
3.3978189520480587e-15
3.837697725047431e-15
4.332625134317431e-15
4.889245190074722e-15
5.514973154873516e-15
6.218081371280953e-15
7.0077942096242445e-15
7.894393056604125e-15
8.88933235331625e-15
1.000536778688775e-14
1.1256697843962738e-14
1.2659120047552348e-14
1.4230203321983866e-14
1.5989478064514903e-14
1.7958645647787894e-14
2.0161809235150423e-14
2.262572796254599e-14
2.5380096726587023e-14
2.8457854020259766e-14
3.1895520476373215e-14
3.573357101574585e-14
4.001684375352379e-14
4.4794989094691394e-14
5.012296275004661e-14
5.606156672833288e-14
6.26780427112801e-14
7.004672259673829e-14
7.824974140445774e-14
8.737781817993477e-14
9.75311110078969e-14
1.0882015275998315e-13
1.2136687475337172e-13
1.3530572609322304e-13
1.50784897111193e-13
1.6796765600271957e-13
1.8703380850537083e-13
2.0818129125870627e-13
2.3162791034013237e-13
2.5761323739075723e-13
2.8640067673043555e-13
3.182797179203292e-13
3.5356838936183836e-13
3.926159297398561e-13
4.358056954158492e-13
4.835583232713934e-13
5.363351699942923e-13
5.946420503897227e-13
6.590332990095355e-13
7.301161812072903e-13
8.085556816744349e-13
8.9507970059179e-13
9.90484689737506e-13
1.0956417632620128e-12
1.2115033203541988e-12
1.3391102197048807e-12
1.4795995485290126e-12
1.6342130319493623e-12
1.8043061317756125e-12
1.991357887149197e-12
2.196981553180586e-12
2.4229360975875192e-12
2.6711386194504185e-12
2.943677758599316e-12
3.2428281687464253e-12
3.571066132441835e-12
3.931086401085494e-12
4.325820348799057e-12
4.7584555347637315e-12
5.232456774820133e-12
5.751588829688516e-12
6.319940824020209e-12
6.9419525178491934e-12
7.622442559686327e-12
8.366638858634986e-12
9.180211221518624e-12
1.0069306410010129e-11
1.1040585782338859e-11
1.2101265694189888e-11
1.3259160843951224e-11
1.4522730758640352e-11
1.5901129628561226e-11
1.7404259710972773e-11
1.904282853609888e-11
2.0828410162342245e-11
2.2773510741771086e-11
2.4891638672049354e-11
2.7197379626531902e-11
2.9706476770847637e-11
3.243591649135718e-11
3.540401997907411e-11
3.86305410315158e-11
4.21367704544843e-11
4.5945647466932426e-11
5.0081878532999716e-11
5.457206406858648e-11
5.944483349270262e-11
6.473098911893751e-11
7.04636594076906e-11
7.667846212674983e-11
8.341367799539924e-11
9.071043541646669e-11
9.86129069307961e-11
1.0716851805992723e-10
1.1642816923563724e-10
1.2644647154867945e-10
1.372819970843625e-10
1.4899754464939105e-10
1.616604217320385e-10
1.7534274357721932e-10
1.901217502990948e-10
2.0608014299554913e-10
2.2330643987313825e-10
2.4189535343675753e-10
2.619481898434152e-10
2.8357327157073644e-10
3.0688638459879583e-10
3.320112513553251e-10
3.590800307304311e-10
3.882338465179486e-10
4.1962334570266207e-10
4.534092880639858e-10
4.897631686360366e-10
5.288678746170588e-10
5.709183783916872e-10
6.161224683915678e-10
6.647015195893481e-10
7.168913054899025e-10
7.729428535520155e-10
8.331233460514395e-10
8.977170684644094e-10
9.670264075361988e-10
1.041372901268288e-09
1.121098343147703e-09
1.2065659430173299e-09
1.2981615470760349e-09
1.3962949195773148e-09
1.5014010888899936e-09
1.6139417606738965e-09
1.7344068010041381e-09
1.8633157923933716e-09
2.0012196657285496e-09
2.1487024112684075e-09
2.306382871911376e-09
2.4749166220809736e-09
2.6549979356476386e-09
2.847361846425042e-09
3.052786304892537e-09
3.2720944348753766e-09
3.5061568940600504e-09
3.7558943423076365e-09
4.022280021826928e-09
4.306342453447368e-09
4.6091682532579385e-09
4.931905074051405e-09
5.275764676141072e-09
5.6420261321840006e-09
6.032039170804226e-09
6.447227663930832e-09
6.889093262855147e-09
7.3592191881957616e-09
7.859274179010455e-09
8.391016606450319e-09
8.956298757546237e-09
9.557071294680251e-09
1.0195387896613532e-08
1.087341008693388e-08
1.1593412255962554e-08
1.2357786882278787e-08
1.3169049960199756e-08
1.402984663958486e-08
1.494295708452312e-08
1.5911302557660118e-08
1.6937951736871032e-08
1.80261272712897e-08
1.91792125837642e-08
2.0400758926893302e-08
2.1694492700022978e-08
2.3064323034671035e-08
2.451434965587473e-08
2.6048871027294355e-08
2.7672392787832184e-08
2.938963648776796e-08
3.1205548632490477e-08
3.312531004201591e-08
3.515434553473531e-08
3.729833394364456e-08
3.956321847395308e-08
4.195521741038035e-08
4.448083518331463e-08
4.7146873802587714e-08
4.9960444667905405e-08
5.292898076521533e-08
5.6060249258198205e-08
5.9362364484229594e-08
6.284380136444123e-08
6.651340923743804e-08
7.038042612625764e-08
7.445449344860219e-08
7.874567117994606e-08
8.326445348004143e-08
8.80217847920978e-08
9.302907642588261e-08
9.829822363410277e-08
1.038416231929978e-07
1.0967219149732505e-07
1.158033831805224e-07
1.2224921027036248e-07
1.2902426189125429e-07
1.361437245234146e-07
1.4362340283024295e-07
1.5147974106460854e-07
1.5972984506470364e-07
1.683915048514719e-07
1.7748321783750702e-07
1.8702421265938955e-07
1.9703447364445338e-07
2.0753476592299145e-07
2.1854666119757903e-07
2.3009256418096946e-07
2.4219573971236253e-07
2.5488034056633065e-07
2.681714359631447e-07
2.8209504079308555e-07
2.9667814556580136e-07
3.1194874709697473e-07
3.2793587994279594e-07
3.446696485938264e-07
3.62181260440161e-07
3.8050305951879384e-07
3.9966856105502554e-07
4.1971248680881573e-07
4.406708012378592e-07
4.625807484873977e-07
4.854808902209089e-07
5.094111442983513e-07
5.344128243174207e-07
5.605286800265714e-07
5.878029386197744e-07
6.162813469267174e-07
6.460112145060696e-07
6.770414576541486e-07
7.09422644339258e-07
7.432070400712468e-07
7.784486547159667e-07
8.152032902670756e-07
8.535285895815576e-07
8.934840860898534e-07
9.351312544915123e-07
9.785335624422526e-07
1.0237565232432164e-06
1.0708677495428706e-06
1.1199370080529292e-06
1.1710362752953094e-06
1.2242397943792901e-06
1.2796241328230476e-06
1.3372682414219653e-06
1.3972535141719497e-06
1.4596638492517435e-06
1.5245857110730006e-06
1.5921081934048751e-06
1.662323083566539e-06
1.7353249277089012e-06
1.811211097173533e-06
1.890081855945197e-06
1.972040429183272e-06
2.0571930728602588e-06
2.145649144474365e-06
2.2375211748714526e-06
2.332924941148451e-06
2.4319795406544266e-06
2.5348074660821766e-06
2.6415346816420793e-06
2.7522907003273723e-06
2.867208662254324e-06
2.9864254140798117e-06
3.110081589485218e-06
3.238321690729012e-06
3.371294171245639e-06
3.509151519288717e-06
3.6520503426186917e-06
3.800151454200633e-06
3.9536199589225674e-06
4.112625341306812e-06
4.277341554203953e-06
4.4479471084496004e-06
4.624625163477539e-06
4.8075636188484054e-06
4.996955206708757e-06
5.19299758510893e-06
5.39589343222007e-06
5.605850541347379e-06
5.8230819168045985e-06
6.047805870533657e-06
6.280246119495508e-06
6.520631883804347e-06
6.769197985507148e-06
7.0261849480725575e-06
7.291839096459367e-06
7.566412657794433e-06
7.850163862579178e-06
8.143357046404307e-06
8.446262752102043e-06
8.759157832345885e-06
9.082325552576068e-06
9.416055694256787e-06
9.760644658394037e-06
1.0116395569269612e-05
1.0483618378301877e-05
1.0862629968007308e-05
1.1253754256032913e-05
1.1657322299107335e-05
1.2073672396929091e-05
1.2503150195890798e-05
1.2946108792563062e-05
1.3402908836907653e-05
1.3873918635075558e-05
1.4359514251792162e-05
1.4860079612215964e-05
1.5376006603164474e-05
1.5907695173665552e-05
1.645555343475189e-05
1.701999775841374e-05
1.7601452875504235e-05
1.8200351972749237e-05
1.8817136788538016e-05
1.9452257707492115e-05
2.0106173853751806e-05
2.077935318278875e-05
2.1472272571746055e-05
2.2185417908136324e-05
2.2919284176740216e-05
2.3674375544820346e-05
2.4451205445186752e-05
2.5250296657382267e-05
2.6072181386564955e-05
2.6917401340194788e-05
2.778650780222884e-05
2.8680061704900304e-05
2.9598633697700224e-05
3.054280421380857e-05
3.151316353337765e-05
3.2510311844068796e-05
3.353485929822461e-05
3.458742606693536e-05
3.5668642390657864e-05
3.6779148626238596e-05
3.7919595290438566e-05
3.909064309955898e-05
4.0292963005131536e-05
4.152723622568249e-05
4.2794154274233414e-05
4.409441898145859e-05
4.542874251443844e-05
4.679784739084129e-05
4.8202466488403824e-05
4.9643343049411766e-05
5.112123068036864e-05
5.263689334644107e-05
5.419110536076417e-05
5.578465136808895e-05
5.7418326323198685e-05
5.9092935463516284e-05
6.0809294275922776e-05
6.256822845770971e-05
6.437057387133836e-05
6.621717649325578e-05
6.810889235614872e-05
7.00465874848912e-05
7.203113782586158e-05
7.406342916969647e-05
7.614435706706216e-05
7.827482673755037e-05
8.045575297168584e-05
8.268806002544125e-05
8.49726815077963e-05
8.731056026073318e-05
8.97026482317578e-05
9.214990633888484e-05
9.465330432773883e-05
9.721382062109102e-05
9.983244216032194e-05
0.00010251016423898548
0.0001052479903280899
0.00010804693189358011
0.0001109080082050665
0.00011383224613674084
0.00011682067995943106
0.00011987435112441897
0.0001229943080388175
0.0001261816058317699
0.00012943730611287126
0.00013276247672112202
0.00013615819146523233
0.0001396255298555144
0.00014316557682646626
0.00014677942245071635
0.00015046816164387492
0.00015423289386063815
0.00015807472278189363
0.00016199475599238506
0.00016599410465020976
0.00017007388314687323
0.00017423520875778535
0.00017847920128541056
0.00018280698269143987
0.00018721967672161413
0.0001917184085205633
0.0001963043042387122
0.00020097849062931814
0.00020574209463781432
0.00021059624298127596
0.0002155420617200675
0.00022058067582035243
0.00022571320870846257
0.00023094078181648732
0.00023626451411937148
0.00024168552166384268
0.0002472049170896192
0.0002528238091416514
0.00025854330217463744
0.00026436449565028867
0.00027028848362598804
0.0002763163542361338
0.0002824491891663309
0.0002886880631193655
0.00029503404327542156
0.0003014881887436356
0.00030805155000803493
0.0003147251683657896
0.00032151007535995266
0.00032840729220481483
0.000335417829206234
0.0003425426851747768
0.00034978284683441507
0.0003571392882244136
0.00036461297009671617
0.000372204839308361
0.00037991582820841546
0.00038774685402053865
0.00039569881822150286
0.000403772605915077
0.00041196908520267183
0.00042028910654930016
0.0004287335021479336
0.0004373030852788645
0.00044599864966763774
0.00045482096884052824
0.00046377079547673566
0.00047284886075946896
0.0004820558737259855
0.000491392520615319
0.0005008594642154924
0.000510457343210391
0.0005201867715257769
0.0005300483376763199
0.0005400426041121475
0.0005501701065661974
0.0005604313534027765
0.0005708268249688005
0.0005813569729439542
0.0005920222196968594
0.0006028229576403217
0.0006137595485907298
0.000624832323133582
0.0006360415799865588
0.0006473875853728545
0.0006588705723956491
0.0006704907404178166
0.0006822482544479878
0.0006941432445311965
0.000706175805146118
0.0007183459946087706
0.0007306538344835525
0.0007430993090001167
0.0007556823644793958
0.0007684029087681106
0.0007812608106798413
0.0007942558994476777
0.0008073879641834812
0.0008206567533497703
0.0008340619742400563
0.000847603292470306
0.0008612803314814696
0.0008750926720538384
0.000889039851833507
0.00090312136487063
0.0009173366611699226
0.0009316851462565183
0.00094616618075414
0.0009607790799755834
0.0009755231135314589
0.000990397504951539
0.0010054014313205047
0.001020534022931896
0.0010357943629560897
0.0010511814871262987
0.0010666943834399803
0.0010823319918791497
0.0010980932041469217
0.0011139768634233081
0.0011299817641395981
0.0011461066517684945
0.0011623502226394448
0.0011787111237655792
0.0011951879526993742
0.0012117792574018846
0.0012284835361343921
0.0012452992373717478
0.0012622247597364716
0.0012792584519552275
0.0012963986128356946
0.0013136434912647032
0.0013309912862336324
0.0013484401468783255
0.001365988172551586
0.0013836334129115966
0.0014013738680360602
0.0014192074885590628
0.0014371321758353784
0.0014551457821244842
0.0014732461108000166
0.0014914309165864074
0.001509697905815263
0.001528044736711194
0.001546469019699152
0.001564968317737658
0.0015835401466799978
0.0016021819756538132
0.0016208912274747213
0.0016396652790777364
0.001658501461977545
0.0016773970627557264
0.001696349323567223
0.0017153554426791431
0.0017344125750345099
0.0017535178328318766
0.0017726682861432983
0.0017918609635498917
0.0018110928528022895
0.0018303609015095298
0.0018496620178528106
0.0018689930713175892
0.0018883508934586161
0.0019077322786858512
0.0019271339850728863
0.0019465527351904366
0.00196598521696753
0.0019854280845686472
0.002004877959301181
0.002024331430539391
0.002043785056680656
0.0020632353661109303
0.0020826788582022178
0.002102112004330189
0.002121531248907935
0.0021409330104484657
0.0021603136826367293
0.0021796696354347417
0.002198997216196688
0.0022182927508053404
0.0022375525448285944
0.002256772884695497
0.002275950038884006
0.002295080259132275
0.0023141597816630343
0.0023331848284253083
0.002352151608349474
0.0023710563186222036
0.0023898951459659025
0.0024086642679437163
0.0024273598542702995
0.0024459780681337488
0.0024645150675380034
0.002482967006640123
0.002501330037119053
0.0025196003095356795
0.0025377739747084803
0.00255584718510427
0.0025738160962232573
0.0025916768680045318
0.0026094256662219967
0.0026270586639016544
0.0026445720427374655
0.0026619619945014365
0.002679224722471923
0.0026963564428555704
0.002713353386209994
0.0027302117988758806
0.0027469279443926636
0.0027634981049338867
0.002779918582722589
0.002796185701454455
0.0028122958077150683
0.002828245272394285
0.002844030492090998
0.002859647890520396
0.002875093919905026
0.0028903650623649337
0.0029054578312998416
0.0029203687727612083
0.002935094466811737
0.0029496315288775952
0.0029639766110884512
0.0029781264036086285
0.002992077635945044
0.003005827078259579
0.0030193715426469793
0.0030327078844115006
0.0030458330033264706
0.0030587438448656614
0.0030714374014341383
0.0030839107135699783
0.003096160871129093
0.003108185014453859
0.0031199803355156986
0.0031315440790492537
0.0031428735436467643
0.0031539660828448584
0.0031648191061872596
0.0031754300802564694
0.003185796529686815
0.0031959160381551514
0.0032057862493382505
0.0032154048678593844
0.0032247696601902416
0.0032338784555417483
0.0032427291467164773
0.003251319690941759
0.003259648110670361
0.0032677124943544357
0.0032755109971880103
0.003283041841821481
0.003290303319047899
0.0032972937884580096
0.003304011679063391
0.00331045548988789
0.0033166237905338535
0.003322515221709863
0.0033281284957283057
0.003333462396979307
0.003338515782356649
0.003343287581665278
0.0033477767979889096
0.0033519825080301083
0.0033559038624097603
0.0033595400859393804
0.003362890477863158
0.0033659544120542557
0.0033687313371951713
0.00337122077690819
0.0033734223298636156
0.003375335669851509
0.003376960545816028
0.003378296781863543
0.0033793442772315167
0.003380103006230822
0.003380573018142751
0.0033807544371004185
0.0033806474619233577
0.0033802523659241315
0.003379569496686119
0.003378599275804144
0.0033773421985921776
0.0033757988337683414
0.003373969823094414
0.0033718558810019307
0.003369457794167196
0.003366776421071874
0.0033638126915286285
0.0033605676061722054
0.0033570422359276257
0.0033532377214425427
0.003349155272503534
0.003344796167404728
0.0033401617523081675
0.003335253440564001
0.003330072712006703
0.0033246211122330625
0.0033189002518378957
0.0033129118056425128
0.003306657511886494
0.0033001391713946724
0.0032933586467308396
0.0032863178613215965
0.00327901879854765
0.0032714635008380547
0.003263654068715064
0.003255592659839936
0.003247281488026566
0.0032387228222332106
0.003229918985555271
0.0032208723541687348
0.003211585356285002
0.003202060471069378
0.003192300227553534
0.0031823072035262138
0.0031720840244126762
0.003161633362140222
0.0031509579339872294
0.003140060501420035
0.003128943868917125
0.003117610882786661
0.0031060644299642777
0.003094307436807234
0.0030823428678810917
0.003070173724725453
0.0030578030446278335
0.003045233899379092
0.0030324693940213354
0.0030195126656033604
0.0030063668819095145
0.0029930352402034
0.0029795209659591233
0.0029658273115827413
0.0029519575551487432
0.0029379149991139186
0.002923702969049787
0.0029093248123541115
0.002894783896979939
0.0028800836101605704
0.0028652273571256152
0.002850218559836278
0.00283506065570817
0.0028197570963458766
0.0028043113462770837
0.0027887268817003126
0.0027730071892201544
0.002757155764609352
0.0027411761115578898
0.002725071740446721
0.0027088461671082886
0.002692502911622984
0.0026760454970925535
0.002659477448445899
0.0026428022912485874
0.0026260235505155263
0.002609144749543529
0.002592169408748344
0.0025751010445183
0.0025579431680769838
0.0025406992843593876
0.0025233728908996746
0.002505967476738501
0.0024884865213318443
0.0024709334934908457
0.0024533118503195298
0.0024356250361815147
0.0024178764816690573
0.0024000696026039827
0.0023822077990369953
0.002364294454276711
0.002346332933933125
0.0023283265849664584
0.0023102787347751177
0.0022921926902816523
0.002274071737044201
0.00225591913838722
0.002237738134551611
0.0022195319418561897
0.0022013037518879863
0.002183056730703142
0.0021647940180520666
0.002146518726620683
0.0021282339412941197
0.002109942718439721
0.002091648085206692
0.002073353038847666
0.0020550605460636587
0.0020367735423606815
0.0020184949314366344
0.002000227584582422
0.0019819743401002887
0.0019637380027495675
0.0019455213432137887
0.0019273270975747696
0.001909157966824915
0.0018910166163852895
0.0018729056756539993
0.0018548277375690988
0.0018367853581908475
0.0018187810563122938
0.0018008173130789323
0.0017828965716375266
0.0017650212367969324
0.0017471936747175908
0.0017294162126120936
0.001711691138471381
0.0016940207008070021
0.001676407108415715
0.0016588525301587382
0.0016413590947644005
0.0016239288906479835
0.0016065639657493523
0.0015892663273911851
0.0015720379421517174
0.0015548807357620006
0.0015377965930125678
0.0015207873576856584
0.0015038548325006056
0.0014870007790757933
0.0014702269179130392
0.0014535349283899418
0.0014369264487778402
0.0014204030762696236
0.0014039663670261978
0.001387617836239287
0.0013713589582071662
0.0013551911664292705
0.0013391158537108176
0.0013231343722875323
0.0013072480339600295
0.0012914581102463469
0.0012757658325447177
0.0012601723923125433
0.0012446789412557983
0.0012292865915352542
0.0012139964159809467
0.0011988094483230702
0.0011837266834307896
0.001168749077566376
0.0011538775486487573
0.00113911297652752
0.0011244562032716263
0.0011099080334620753
0.001095469234500469
0.001081140536925241
0.0010669226347373446
0.0010528161857352198
0.001038821811857548
0.0010249400995388945
0.0010111716000665797
0.0009975168299533707
0.0009839762713113596
0.0009705503722368117
0.0009572395472009633
0.0009440441774481606
0.0009309646113996052
0.0009180011650634853
0.0009051541224520323
0.000892423736001917
0.0008798102270028308
0.0008673137860287171
0.0008549345733747294
0.0008426727194974801
0.0008305283254619045
0.0008185014633891209
0.0008065921769098138
0.000794800481619817
0.0007831263655389919
0.0007715697895735683
0.0007601306879804699
0.0007488089688327285
0.0007376045144895865
0.0007265171820654139
0.0007155468039021592
0.0007046931880421158
0.0006939561187018717
0.000683335356747059
0.0006728306401680217
0.0006624416845548159
0.000652168183572761
0.0006420098094386492
0.0006319662133958398
0.0006220370261882264
0.0006122218585349853
0.0006025203016018162
0.0005929319274757453
0.0005834562896320849
0.0005740929234050364
0.0005648413464550381
0.0005557010592328139
0.0005466715454435519
0.0005377522725065247
0.0005289426920156679
0.0005202422401922288
0.0005116503383412173
0.0005031663932995111
0.0004947897978839932
0.0004865199313346792
0.0004783561597565677
0.00047029783655653753
0.0004623443028763693
0.00045449488802368654
0.00044674890989784827
0.0004391056754117949
0.0004315644809109181
0.0004241246125867137
0.00041678534688638575
0.0004095459509191681
0.00040240568285658486
0.0003953637923287498
0.0003884195208175016
0.00038157210204174967
0.0003748207623417377
0.00036816472105514775
0.00036160319089041
0.00035513537829428795
0.0003487604838146592
0.0003424777024573833
0.0003362862240393377
0.0003301852335355671
0.00032417391142014365
0.000318251434004616
0.00031241697376763574
0.0003066696996818406
0.0003010087775336313
0.0002954333702391855
0.0002899426381532698
0.0002845357393741419
0.00027921183004183027
0.00027397006463131935
0.00026880959624037685
0.00026372957687179006
0.0002587291577097612
0.0002538074893911316
0.00024896372227118117
0.0002441970066831076
0.00023950649319305623
0.00023489133284901784
0.00023035067742402222
0.00022588367965459212
0.0002214894934726407
0.0002171672742334203
0.00021291617893626552
0.0002087353664411827
0.00020462399767980167
0.00020058123586049132
0.0001966062466688314
0.00019269819846211303
0.00018885626245893457
0.00018507961292367253
0.00018136742734542783
0.00017771888661186104
0.00017413317517836314
0.00017060948123137233
