0.045684350991602646
0.07150489380471681
0.08400662115307307
0.08779935034253843
0.08609874098987182
0.08112102247507035
0.07437012641583679
0.06684584776929645
0.05919417328380445
0.05181536179622284
0.044941245444612844
0.03869017612136473
0.0331057923367889
0.028184122840283356
0.023892321930770184
0.0201814336108914
0.01699492308048425
0.014274231819848633
0.011962260225214261
0.010005425053375589
0.008354752409037316
0.0069663319221015185
0.005801360298485454
0.004825932420438109
0.004010688150445667
0.0033303874751168783
0.0027634615996347013
0.002291570134558879
0.0018991824674739867
0.0015731932261665745
0.0013025762897304971
0.0010780782754431695
0.0008919502356860537
0.0007377150216680778
0.0006099671108805737
0.0005042014424813366
0.00041666781177283023
0.00034424753981174283
0.00028434938743108974
0.00023482197814808116
0.00019388030140563977
0.00016004416727022358
0.0001320867650371854
0.0001089917351255532
8.991739377116684e-05
7.416695308195531e-05
6.116375615193294e-05
5.0430700023896465e-05
4.157315065350099e-05
3.426476605302632e-05
2.823573886669823e-05
2.326304997637291e-05
1.9162392411093678e-05
1.5781481669657908e-05
1.2994516183627667e-05
1.0697591463067345e-05
8.804904703839128e-06
7.245614338098078e-06
5.9612420745331595e-06
4.903524159232196e-06
4.032634530938316e-06
3.3157157848359876e-06
2.7256648484380642e-06
2.2401293901934086e-06
1.840678541499995e-06
1.5121177801485681e-06
1.2419230170286048e-06
1.0197732310605306e-06
8.371645616739437e-07
6.870917199972888e-07
5.637850239741149e-07
4.624933859604674e-07
3.793052559579376e-07
3.1100090957602643e-07
2.5493061642905864e-07
2.089141733206265e-07
1.711580711594726e-07
1.4018721340696843e-07
1.1478864035041547e-07
9.396515699112825e-08
7.689712890439188e-08
6.29110133482721e-08
5.14534431647068e-08
4.206988775945801e-08
3.438708619187407e-08
2.8098588392471925e-08
2.2952856926472294e-08
1.8743477796444428e-08
1.5301108066490297e-08
1.2486853511516122e-08
1.018682346416325e-08
8.307654545263614e-09
6.772831672206163e-09
5.519665004264026e-09
4.496806433221674e-09
3.662209790784151e-09
2.9814558884159068e-09
2.426377466582087e-09
1.9739306302839e-09
1.605268819566951e-09
1.3049831632336219e-09
1.0604794852896748e-09
8.614675195901258e-10
6.995422384740957e-10
5.67840780699224e-10
4.6076140907827595e-10
3.7373335049453757e-10
3.0302836301172555e-10
2.456065127111936e-10
1.9898998923247662e-10
1.6115989553216413e-10
1.30471856564107e-10
1.055870384753259e-10
8.541578331431602e-11
6.907156790853192e-11
5.583340901660675e-11
4.511517615510806e-11
3.6440551885060353e-11
2.9422607669215145e-11
2.3747150652195118e-11
1.9159150190089884e-11
1.5451678745959155e-11
1.2456904811566027e-11
1.0038759914216797e-11
8.086970867632682e-12
6.512204980517735e-12
5.2421222115463015e-12
4.2181661077190715e-12
3.392956309160617e-12
2.728170697058218e-12
2.1928259276457393e-12
1.7618819742286974e-12
1.415110079724161e-12
1.1361747694235233e-12
9.118897489219515e-13
7.316149949478016e-13
5.867684465102516e-13
4.704306742228476e-13
3.770249542524283e-13
3.020584697118948e-13
2.419130452098384e-13
1.936760028190989e-13
1.5500350265801398e-13
1.240101740400553e-13
9.918001543488002e-14
7.929449359121786e-14
6.337454516750384e-14
5.063381147391899e-14
4.044094576688468e-14
3.2289245089675553e-14
2.5772193035978538e-14
2.0563770697100595e-14
1.6402612415659105e-14
1.3079260535824902e-14
1.0425917002977736e-14
8.308205861834364e-15
6.618554632983947e-15
5.2708784552262505e-15
4.196312192113167e-15
3.3397852059025317e-15
2.657273454402246e-15
2.113595798352455e-15
1.6806473975110783e-15
1.3359840249432266e-15
1.0616880093857204e-15
8.43460111360359e-16
6.698925844788299e-16
5.318874817401401e-16
4.221913525103495e-16
3.350231735620613e-16
2.6577693726237933e-16
2.1078399969293813e-16
1.6712324674331123e-16
1.324695088987556e-16
1.0497255949534682e-16
8.316055872463893e-17
6.58630305578199e-17
5.214944164135758e-17
4.128023800561546e-17
3.2667825623864786e-17
2.5845485474355374e-17
2.0442617643080922e-17
1.61650321627913e-17
1.2779262746698174e-17
1.0100086228276797e-17
7.980595680360264e-18
6.3043071470113765e-18
4.978885313984436e-18
3.9311575878182796e-18
3.1031532125396063e-18
2.4489576333644265e-18
1.9322150524684704e-18
1.5241461946379512e-18
1.2019754574800712e-18
9.47683259207078e-19
7.470166315357092e-19
5.887048285620573e-19
4.638376457571715e-19
3.653728353751628e-19
2.8774591893876704e-19
2.265611959096391e-19
1.7834711883778452e-19
1.4036267913607635e-19
1.1044420758071808e-19
8.688418570679082e-20
6.83354047386921e-20
5.373519026640676e-20
4.224550714100815e-20
3.320562875689081e-20
2.6094744585423783e-20
2.0502426650855565e-20
1.610530904506198e-20
1.264867800820884e-20
9.931942144574198e-21
7.797167786279702e-21
6.120035084505764e-21
4.802705412280451e-21
3.768197488233037e-21
2.9559541366497857e-21
2.318348431889021e-21
1.8179308148433887e-21
1.4252605369143394e-21
1.1171977919654658e-21
8.755589723286293e-22
6.860580798516743e-22
5.374735850525035e-22
4.2099286546057065e-22
3.2969648608061163e-22
2.5815257947655986e-22
2.0209788927600145e-22
1.581870144615167e-22
1.2379531318282386e-22
9.686401596235482e-23
7.577853425489724e-23
5.927286968076225e-23
4.6354541186699613e-23
3.624563808161133e-23
2.833654439257618e-23
2.2149617960709354e-23
1.731068848494172e-23
1.3526695696842518e-23
1.056814833357595e-23
8.255367295379596e-24
6.447698686377699e-24
5.035057198177366e-24
3.931297658348359e-24
3.0690205015823123e-24
2.3955017226351547e-24
1.869504478066863e-24
1.4587818121440134e-24
1.1381210526349134e-24
8.878126618144901e-25
6.924516308134402e-25
5.399993601775577e-25
4.210495458355075e-25
3.282538073600834e-25
2.558723766483046e-25
1.9942267750631015e-25
1.5540451566164674e-25
1.2108521433167621e-25
9.43316473792947e-26
7.347895578829557e-26
5.72279529390952e-26
4.456496261482517e-26
3.469919493446815e-26
2.701383115852975e-26
2.102782252574228e-26
1.6366061146036022e-26
1.2736091836792261e-26
9.909933452884294e-27
7.709890881800776e-27
5.997483365629772e-27
4.664805989838162e-27
3.6277906398098926e-27
2.8209495582604125e-27
2.1932759435793762e-27
1.705047379429525e-27
1.3253336288039213e-27
1.0300538713147238e-27
8.004624713519864e-28
6.219689234596774e-28
4.832183570416492e-28
3.753751703718811e-28
2.9156499878631096e-28
2.264400824865576e-28
1.75840793384042e-28
1.365320830446233e-28
1.0599829616127059e-28
8.228344591226542e-29
6.386689535097398e-29
4.956660943899043e-29
3.846387333378014e-29
2.9844721820489384e-29
2.3154376329120792e-29
1.796180540532018e-29
1.3932162927469795e-29
1.0805355719609642e-29
8.379379595561423e-30
6.497364570272137e-30
5.037504902243213e-30
3.90523254379308e-30
3.0271349660186202e-30
2.3462291600751762e-30
1.818289872182807e-30
1.4089972523155877e-30
1.0917213201311707e-30
8.458012796358859e-31
6.552093161870137e-31
5.075130878134953e-31
3.930702360761475e-31
3.0440310304606478e-31
2.3571339485644237e-31
1.8250551359583996e-31
1.412942600146409e-31
1.0937803456626162e-31
8.466287983546959e-32
6.55259826747727e-32
5.070979881486101e-32
3.9239939129372e-32
3.0361491769480235e-32
2.3489646446061846e-32
1.8171412758397053e-32
1.405594311321161e-32
1.0871528657537674e-32
8.407769682705344e-33
6.501758040444514e-33
5.027369922087671e-33
3.886969725315142e-33
3.00498274379996e-33
2.3229162175587134e-33
1.7955027616362536e-33
1.38771346782618e-33
1.0724448001252587e-33
8.287274690450835e-34
6.403396337252358e-34
4.947332665786102e-34
3.8220304567429187e-34
2.9524305288877365e-34
2.2804888816466005e-34
1.7613236671864952e-34
1.3602337061806583e-34
1.0503916292091013e-34
8.110591661677688e-35
6.262065290989475e-35
4.834444949775596e-35
3.7319844186745735e-35
2.8806957989971756e-35
2.2234099755701212e-35
1.715957274974353e-35
1.3242145511252328e-35
1.0218223554675215e-35
7.884202944219455e-36
6.082830721323613e-36
4.6926633227176124e-36
3.619920061824001e-36
2.7921880696513553e-36
2.153558343281957e-36
1.6608678857139447e-36
1.2807966586123078e-36
9.876250951252555e-37
7.615020180279318e-37
5.871069061510741e-37
4.52616814599006e-37
3.4890863483213442e-37
2.6894313515642397e-37
2.0728939920707544e-37
1.597576915954703e-37
1.231160529613245e-37
9.487154695631998e-38
7.310142420890535e-38
5.632282338719889e-38
4.339222134575969e-38
3.3427846463493614e-38
2.5749815721054427e-38
1.9833950418126912e-38
1.5276147791582648e-38
1.1764898035811582e-38
9.060086173768248e-39
6.976642822409097e-39
5.371935685126514e-39
4.136046635840654e-39
3.184274571421223e-39
2.451354949580139e-39
1.8870032661636157e-39
1.4524794996054311e-39
1.1179398225553884e-39
8.603953283285826e-40
6.621387548756998e-40
5.095319990389429e-40
3.920717517326249e-40
3.016695109670609e-40
2.3209682677978626e-40
1.785578893659747e-40
1.3736025262355864e-40
1.0566117895238326e-40
8.127225211125753e-41
6.250888378743454e-41
4.807440690238786e-41
3.6970813090665857e-41
2.843001427782108e-41
2.1860912923799357e-41
1.680864801297579e-41
1.2923218081823065e-41
9.935325379978706e-42
7.637780544864698e-42
5.871188762174943e-42
4.512932359963136e-42
3.4686912437022976e-42
2.66591701819261e-42
2.048811000199595e-42
1.57445980358718e-42
1.2098618700737459e-42
9.296396859034884e-43
7.142796783219835e-43
5.487781691927511e-43
4.2159977484131106e-43
3.2387620628371257e-43
2.487900247357113e-43
1.9110068583688126e-43
1.4678004149158885e-43
1.127320382136151e-43
8.657717657586511e-44
6.648677957798178e-44
5.10555675184177e-44
3.920369137860874e-44
3.0101419005981566e-44
2.3111239611451737e-44
1.7743360824576424e-44
1.3621502355494213e-44
1.045660552119237e-44
8.026627988435809e-45
6.161016163453109e-45
4.728773027006882e-45
3.629289421322008e-45
2.7852991935631226e-45
2.13746653674268e-45
1.640227610713193e-45
1.2585959717258294e-45
9.65708564521519e-46
7.409407077663178e-46
5.6845822670743574e-46
4.361054184941389e-46
3.34551001885634e-46
2.56632237440324e-46
1.9685126354015554e-46
1.5098834362392411e-46
1.1580490342207976e-46
8.881552471939196e-47
6.811289310809255e-47
5.223340858384951e-47
4.0054019012749617e-47
3.0713026687569453e-47
2.354930054503876e-47
1.8055618804137684e-47
1.3842859243641138e-47
1.0612516543639928e-47
8.135611457629923e-48
6.236506071909207e-48
4.7804845609235274e-48
3.6642238649342094e-48
2.808482191256901e-48
2.1524894594165262e-48
1.6496437384098633e-48
1.2642097894335439e-48
9.687864976159423e-49
7.423642215650029e-49
5.688347246893607e-49
4.3584830706138255e-49
3.3393728047802222e-49
2.558437493559691e-49
1.960041021281872e-49
1.5015369961171318e-49
1.1502374985791996e-49
8.810888300543355e-50
6.748894493309587e-50
5.169236848494473e-50
3.959142679232919e-50
3.0321932913640036e-50
2.322168332646609e-50
1.778327229310469e-50
1.3617923814772477e-50
1.0427769934866846e-50
7.984603907665474e-51
6.113596680459701e-51
4.680817828259299e-51
3.583672518159268e-51
2.743573442757946e-51
2.1003256476461263e-51
1.6078240707257754e-51
1.2307570586325865e-51
9.420807629353365e-52
7.21084234029211e-52
5.519071248329162e-52
4.2240418151745964e-52
3.2327542833639768e-52
2.4739990728775475e-52
1.8932535913754488e-52
1.4487736419855076e-52
1.1085999188280392e-52
