0.01655004852713585
0.02715736727172573
0.03355109407378748
0.0369889793398998
0.03838340123477789
0.038393576429163086
0.03749316898719482
0.03601996518349631
0.03421243734344482
0.03223668976113756
0.030206324674367523
0.02819708054968084
0.02625760120772019
0.024417337093786545
0.02269231993292177
0.021089361406608192
0.019609085882959627
0.018248102907834768
0.017000547397595454
0.015859157312064154
0.014816015003498398
0.013863045761529011
0.012992342592183924
0.012196367957749378
0.011468069544966968
0.010800936972474008
0.010189018827968816
0.009626913880915711
0.0091097462504548
0.008633131342747957
0.008193137224065162
0.007786244551582775
0.007409307083717238
0.007059514017144917
0.006734354859198127
0.006431587177616147
0.006149207325509288
0.005885424082897227
0.005638635060998086
0.005407405663154834
0.005190450372399928
0.00498661613124315
0.004794867586915094
0.00461427398981463
0.0044439975517869485
0.004283283090615839
0.00413144880775258
0.0039878780652202045
0.0038520120457665305
0.003723343196261832
0.0036014093689307174
0.0034857885871311316
0.003376094373324925
0.003271971585734881
0.003173092717712384
0.0030791546198243136
0.0029898756095269327
0.002904992937021548
0.0028242605786253927
0.0027474473310851494
0.002674335181577297
0.0026047179291410778
0.0025384000338704495
0.0024751956705274455
0.0024149279636405054
0.002357428381469896
0.002302536266532769
0.002250098481134404
0.0021999691470603747
0.0021520094595731485
0.002106087557178316
0.0020620784300738994
0.0020198638518660384
0.001979332320980618
0.0019403790000964416
0.0019029056440489458
0.0018668205085266747
0.0018320382339872619
0.0017984797010347042
0.0017660718553030397
0.001734747501459794
0.001704445067346056
0.0016751083404660345
0.0016466861799952098
0.001619132208188714
0.0015924044856093903
0.0015664651749152305
0.0015412801979772454
0.0015168188911507308
0.0014930536632297524
0.0014699596603113857
0.0014475144414082895
0.0014256976681076606
0.0014044908110748943
0.0013838768756416786
0.0013638401481404628
0.0013443659641546625
0.0013254404992927788
0.0013070505826445452
0.0012891835327029043
0.0012718270150943165
0.0012549689212166138
0.0012385972666128537
0.0012227001077319277
0.0012072654755612901
0.0011922813245847893
0.0011777354954296143
0.001163615689589265
0.0011499094546693917
0.0011366041786076068
0.0011236870914705765
0.0011111452734994956
0.0010989656681997734
0.0010871350994013447
0.001075640291334131
0.0010644678909189397
0.0010536044915555273
0.0010430366578460383
0.001032750950796851
0.0010227339531195907
0.00101297229438779
0.0010034526758307483
0.000994161894676147
0.0009850868679479312
0.0009762146557234068
0.0009675324838488066
0.0009590277661590511
0.0009506881262590134
0.0009425014189024862
0.0009344557510524586
0.0009265395026384
0.0009187413470681475
0.0009110502714821107
0.0009034555967601296
0.0008959469972360794
0.0008885145200709394
0.0008811486041979897
0.000873840098739233
0.000866580280777126
0.0008593608723254403
0.0008521740563565474
0.0008450124917130417
0.0008378693267298612
0.0008307382113955157
0.0008236133078721525
0.0008164892992158358
0.0008093613961277863
0.000802225341608805
0.0007950774133762185
0.0007879144239517631
0.0007807337183285443
0.0007735331691717313
0.000766311169515118
0.0007590666229581053
0.0007517989313900811
0.0007445079802968419
0.0007371941217306796
0.0007298581550561204
0.000722501305603826
0.0007151252013857317
0.0007077318480534561
0.000700323602284972
0.0006929031438153508
0.0006854734463243888
0.0006780377474124648
0.0006705995178938105
0.0006631624306443974
0.0006557303292374108
0.0006483071965954667
0.0006408971238846539
0.0006335042798642857
0.0006261328808976974
0.0006187871618140227
0.0006114713477996091
0.0006041896274778159
0.0005969461273246862
0.000589744887544116
0.0005825898395140795
0.0005754847848923644
0.0005684333764557511
0.0005614391007261884
0.0005545052624207515
0.0005476349707461092
0.0005408311275409446
0.0005340964172555278
0.0005274332987426847
0.0005208439988219572
0.0005143305075680711
0.0005078945752606134
0.000501537710928149
0.0004952611824054075
0.0004890660178217363
0.000482953008428109
0.0004769227126689484
0.00047097546140029953
0.00046511136415450715
0.000459330316348782
0.000453632007337225
0.0004480159292049468
0.00044248138620394236
0.0004370275047347105
0.0004316532437784682
0.0004263574056889359
0.0004211386472577777
0.0004159954909696005
0.0004109263363703902
0.0004059294714757346
0.00040100308415128434
0.0003961452734048658
0.00039135406053187515
0.0003866274000644172
0.0003819631904788157
0.0003773592846207207
0.00037281349981398555
0.00036832362762376203
0.00036388744324947735
0.00035950271452747054
0.000355167210528489
0.0003508787097393069
0.00034663500782003
0.00034243392493444783
0.0003382733126525082
0.0003341510604268377
0.00033006510164854103
0.00032601341928862953
0.00032199405113397155
0.00031800509462792936
0.00031404471132640444
0.00031011113098171605
0.0003062026552668925
0.0003023176611526886
0.0002984546039509171
0.0002946120200361342
0.0002907885292587453
0.0002869828370605415
0.00028319373630492333
0.0002794201088314364
0.0002756609267449124
0.00027191525344793827
0.0002681822444246441
0.00026446114778334135
0.000260751304563947
0.00025705214881621837
0.00025336320745382137
0.00024968409988812557
0.0002460145374461967
0.00024235432257602694
0.00023870334784213115
0.00023506159471504477
0.00023142913215681775
0.00022780611500636247
0.000224192782167223
0.00022058945460153183
0.00021699653313403386
0.00021341449607042322
0.00020984389663494053
0.00020628536023288585
0.00020273958154416136
0.00019920732145497298
0.00019568940383531754
0.0001921867121708589
0.000188700186058522
0.00018523081757570596
0.0001817796475341946
0.00017834776163002986
0.00017493628650155376
0.00017154638570833616
0.00016817925564423881
0.0001648361213982171
0.0001615182325768195
0.00015822685910261698
0.0001549632870029915
0.00015172881420361713
0.00014852474634099972
0.00014535239260844235
0.00014221306164917882
0.0001391080575104736
0.00013603867567191333
0.00013300619916043326
0.00013001189476437753
0.00012705700935792272
0.00012414276634661677
0.00012127036224409191
0.00011844096338893408
0.00011565570281013438
0.0001129156772484153
0.0001102219443400485
0.00010757551996859972
0.00010497737578936524
0.00010242843693024347
9.992957987182372e-05
9.748163050873935e-05
9.508536239335475e-05
9.274149516210847e-05
9.045069314398305e-05
8.821356414993856e-05
8.603065844129381e-05
8.3902467874523e-05
8.182942521927765e-05
7.981190364591685e-05
7.78502163782494e-05
7.594461650692294e-05
7.409529695829561e-05
7.230239061346846e-05
7.05659705717534e-05
6.888605055265652e-05
6.726258543028436e-05
6.569547189387355e-05
6.418454922811986e-05
6.272960020687619e-05
6.133035209371368e-05
5.9986477742981193e-05
5.869759679486366e-05
5.746327695817273e-05
5.6283035374540865e-05
5.515634005791765e-05
5.4082611403320125e-05
5.306122375897182e-05
5.20915070560922e-05
5.1172748490803595e-05
5.03041942527347e-05
4.9485051295193555e-05
4.871448914175959e-05
4.799164172463959e-05
4.7315609249962787e-05
4.66854600856786e-05
4.6100232667728483e-05
4.555893742039246e-05
4.5060558686889305e-05
4.460405666647905e-05
4.4188369354476384e-05
4.381241448173103e-05
4.3475091450315426e-05
4.31752832622422e-05
4.291185843825194e-05
4.2683672923791496e-05
4.248957197940284e-05
4.232839205294422e-05
4.2198962631094064e-05
4.210010806767864e-05
4.203064938663408e-05
4.198940605719848e-05
4.1975197739338735e-05
4.198684599723793e-05
4.202317597893482e-05
4.2083018060135964e-05
4.216520945038655e-05
4.226859575975303e-05
4.239203252437394e-05
4.253438668907221e-05
4.269453804555469e-05
4.287138062444818e-05
4.3063824039835605e-05
4.3270794784674825e-05
4.3491237475713926e-05
4.372411604657176e-05
4.396841488757799e-05
4.422313993115185e-05
4.44873196814735e-05
4.4760006187255107e-05
4.504027595654752e-05
4.532723081244295e-05
4.561999868877442e-05
4.591773436481992e-05
4.621962013815546e-05
4.652486643492804e-05
4.6832712356802366e-05
4.7142426163968125e-05
4.74533056937173e-05
4.776467871412991e-05
4.807590321258013e-05
4.8386367618827524e-05
4.8695490962581185e-05
4.900272296559798e-05
4.930754406843137e-05
4.9609465392071444e-05
4.990802863501888e-05
5.020280590615749e-05
5.049339949431046e-05
5.07794415751751e-05
5.1060593856764154e-05
5.133654716439216e-05
5.1607020966625336e-05
5.187176284358249e-05
5.2130547899266874e-05
5.238317811967959e-05
5.262948167870673e-05
5.286931219382428e-05
5.310254793392003e-05
5.332909098158479e-05
5.3548866352472275e-05
5.376182107436417e-05
5.396792322877794e-05
5.416716095802582e-05
5.435954144079348e-05
5.454508983943238e-05
5.4723848222114384e-05
5.489587446328602e-05
5.506124112580291e-05
5.522003432816975e-05
5.537235260048024e-05
5.551830573254357e-05
5.565801361781737e-05
5.579160509671069e-05
5.5919216802842725e-05
5.604099201582321e-05
5.6157079524046546e-05
5.626763250101858e-05
5.637280739859473e-05
5.6472762860457364e-05
5.656765865914061e-05
5.665765465965527e-05
5.6742909812795855e-05
5.682358118103589e-05
5.6899822999720225e-05
5.69717857762128e-05
5.703961542941436e-05
5.710345247198519e-05
5.716343123726703e-05
5.721967915297293e-05
5.727231606322407e-05
5.732145360057344e-05
5.736719460930441e-05
5.74096326211119e-05
5.744885138413577e-05
5.748492444603025e-05
5.7517914791556584e-05
5.754787453504819e-05
5.757484466779595e-05
5.7598854860274684e-05
5.7619923318868565e-05
5.763805669663116e-05
5.76532500573433e-05
5.7665486892032935e-05
5.767473918688081e-05
5.768096754126445e-05
5.768412133461533e-05
5.768413894048703e-05
5.768094798618083e-05
5.7674465656125825e-05
5.7664599037025275e-05
5.765124550276661e-05
5.763429313688233e-05
5.761362119036592e-05
5.7589100572432666e-05
5.7560594371884174e-05
5.752795840657408e-05
5.749104179844705e-05
5.7449687571619735e-05
5.740373327087387e-05
5.7353011598022555e-05
5.729735106342863e-05
5.72365766501772e-05
5.717051048820202e-05
5.709897253585726e-05
5.702178126631979e-05
5.693875435634325e-05
5.684970937489191e-05
5.675446446921571e-05
5.665283904603454e-05
5.654465444552987e-05
5.642973460594059e-05
5.630790671661303e-05
5.61790018574917e-05
5.604285562304268e-05
5.589930872880074e-05
5.574820759874252e-05
5.5589404931836955e-05
5.542276024622341e-05
5.52481403995711e-05
5.506542008426434e-05
5.487448229623914e-05
5.46752187763065e-05
5.446753042300372e-05
5.425132767610076e-05
5.4026530869963915e-05
5.3793070556161755e-05
5.3550887794773346e-05
5.329993441396556e-05
5.3040173237541236e-05
5.277157828026508e-05
5.249413491086476e-05
5.220783998273814e-05
5.191270193247873e-05
5.160874084643632e-05
5.129598849564272e-05
5.097448833950278e-05
5.0644295498759513e-05
5.030547669831872e-05
4.9958110180606946e-05
4.960228559020951e-05
4.923810383061363e-05
4.8865676893950214e-05
4.8485127664688073e-05
4.809658969830307e-05
4.770020697598801e-05
4.729613363653837e-05
4.688453368656573e-05
4.646558069025543e-05
4.6039457439923645e-05
4.560635560862306e-05
4.5166475386113776e-05
4.472002509951526e-05
4.426722081997457e-05
4.3808285956688414e-05
4.3343450839639514e-05
4.287295229238518e-05
4.2397033196268557e-05
4.191594204736121e-05
4.142993250748907e-05
4.093926295064379e-05
4.044419600606183e-05
3.9944998099250766e-05
3.944193899219047e-05
3.89352913239148e-05
3.842533015265755e-05
3.791233250068144e-05
3.7396576902896764e-05
3.6878342960315016e-05
3.635791089934902e-05
3.583556113791456e-05
3.531157385925184e-05
3.4786228594323865e-05
3.425980381360284e-05
3.3732576529003596e-05
3.320482190667065e-05
3.267681289126525e-05
3.2148819842356477e-05
3.16211101834531e-05
3.109394806416872e-05
3.056759403595845e-05
3.0042304741801693e-05
2.9518332620172966e-05
2.899592562356669e-05
2.8475326951813294e-05
2.795677480036523e-05
2.7440502123674567e-05
2.6926736413763817e-05
2.6415699494013094e-05
2.590760732817588e-05
2.5402669844563973e-05
2.4901090775334838e-05
2.440306751074781e-05
2.390879096824395e-05
2.3418445476148874e-05
2.293220867179086e-05
2.2450251413776903e-05
2.1972737708155094e-05
2.1499824648159653e-05
2.1031662367218534e-05
2.0568394004877868e-05
2.011015568528167e-05
1.9657076507828178e-05
1.9209278549607613e-05
1.876687687922139e-05
1.832997958155697e-05
1.7898687793102424e-05
1.747309574736018e-05
1.7053290829928104e-05
1.663935364279854e-05
1.6231358077438005e-05
1.5829371396194974e-05
1.543345432159292e-05
1.5043661133064115e-05
1.466003977068153e-05
1.428263194544991e-05
1.3911473255723933e-05
1.3546593309322716e-05
1.3188015850920755e-05
1.2835758894299839e-05
1.2489834859053922e-05
1.215025071134791e-05
1.1817008108341491e-05
1.1490103545896028e-05
1.1169528509193148e-05
1.0855269625904838e-05
1.0547308821562002e-05
1.0245623476783513e-05
9.950186586034444e-06
9.660966917594054e-06
9.377929174426657e-06
9.10103415565707e-06
8.830238918365455e-06
8.565496939424765e-06
8.306758277118364e-06
8.05396973228283e-06
7.807075008733884e-06
7.566014872744057e-06
7.330727311348807e-06
7.101147689273193e-06
6.877208904275156e-06
6.658841540718002e-06
6.4459740211898695e-06
6.238532755999882e-06
6.0364422903916225e-06
5.839625449320914e-06
5.648003479657693e-06
5.46149618967835e-06
5.280022085725735e-06
5.103498505922301e-06
4.931841750830145e-06
4.764967210961105e-06
4.602789491048395e-06
4.4452225309984625e-06
4.292179723451599e-06
4.143574027886039e-06
3.999318081209509e-06
3.859324304788756e-06
3.7235050078755242e-06
3.5917724873945e-06
3.464039124066608e-06
3.340217474846531e-06
3.220220361661766e-06
3.1039609564458787e-06
2.9913528624658615e-06
2.882310191949253e-06
2.77674764002297e-06
2.6745805549819257e-06
2.57572500491066e-06
2.4800978406870627e-06
2.3876167554028e-06
2.298200340239495e-06
2.211768136845319e-06
2.128240686260761e-06
2.0475395744471733e-06
1.9695874744757825e-06
1.8943081854387327e-06
1.8216266681478342e-06
1.751469077689948e-06
1.683762792911261e-06
1.618436442906066e-06
1.5554199305880336e-06
1.4946444534249232e-06
1.4360425214200316e-06
1.379547972425273e-06
1.3250959848733933e-06
1.2726230880178447e-06
1.2220671697704708e-06
1.1733674822283322e-06
1.1264646449816968e-06
1.0813006462961468e-06
1.037818842262022e-06
9.959639540046792e-07
9.55682063049117e-07
9.169206049322419e-07
8.79628361155628e-07
8.43755449571126e-07
8.092533132907239e-07
7.760747082112126e-07
7.441736892429613e-07
7.135055953308944e-07
6.840270333541131e-07
6.556958609892105e-07
6.284711686203389e-07
6.023132603773752e-07
5.771836343814149e-07
5.530449622747849e-07
5.2986106811046e-07
5.075969066735925e-07
4.862185413053676e-07
4.656931212970066e-07
4.459888589192485e-07
4.270750061500446e-07
4.089218311606378e-07
3.9150059461756676e-07
3.7478352585548644e-07
3.587437989730638e-07
3.433555089015047e-07
3.285936474926747e-07
3.144340796710787e-07
3.008535196913727e-07
2.878295075404885e-07
2.7534038552087417e-07
2.633652750488415e-07
2.518840536995403e-07
2.40877332527644e-07
2.303264336904751e-07
2.2021336839796776e-07
2.1052081521165556e-07
2.0123209871265598e-07
1.9233116855655735e-07
1.838025789310463e-07
1.7563146843018685e-07
1.6780354035737544e-07
1.6030504346719974e-07
1.5312275315470646e-07
1.4624395309897682e-07
1.3965641736631477e-07
1.33348392976934e-07
1.2730858293760304e-07
1.215261297414268e-07
1.159905993347206e-07
1.1069196554977412e-07
1.0562059500126372e-07
1.0076723244306808e-07
9.612298658134007e-08
9.167931633885667e-08
8.742801756489755e-08
8.336121018421537e-08
7.947132577804023e-08
7.575109558948816e-08
7.219353894526009e-08
6.879195208507106e-08
6.553989738987729e-08
6.243119299963888e-08
5.9459902811083763e-08
5.662032684572116e-08
5.3906991978168895e-08
5.131464301473294e-08
4.883823411207743e-08
4.6472920525783456e-08
4.4214050678562955e-08
4.205715853792177e-08
3.9997956293104883e-08
3.8032327321235936e-08
3.615631943266018e-08
3.4366138385626806e-08
3.2658141660586784e-08
3.102883248455195e-08
2.9474854096135683e-08
2.799298424209117e-08
2.6580129896377558e-08
2.5233322192992594e-08
2.3949711564048458e-08
2.272656307479677e-08
2.1561251947553243e-08
2.04512592667197e-08
1.939416785734923e-08
1.8387658329956016e-08
1.7429505284517747e-08
1.6517573666882412e-08
1.5649815271030884e-08
1.4824265380906156e-08
1.4039039545765002e-08
1.3292330483247914e-08
1.258240510460903e-08
1.190760165677906e-08
1.1266326976163306e-08
1.0657053849306499e-08
1.007831847576684e-08
9.528718028761639e-09
9.006908309345043e-09
8.511601490083321e-09
8.04156394438084e-09
7.595614157795252e-09
7.1726207178603736e-09
6.771500379102701e-09
6.3912162001031505e-09
6.030775749610204e-09
5.689229378861484e-09
5.365668557411943e-09
5.0592242699032646e-09
4.769065471337086e-09
4.4943975985378555e-09
4.234461135607043e-09
3.988530231279502e-09
3.755911366198125e-09
3.5359420682196075e-09
3.3279896739583117e-09
3.131450134860992e-09
2.945746866188923e-09
2.770329637360052e-09
2.604673502177552e-09
2.4482777675385805e-09
2.3006649992820702e-09
2.1613800638936385e-09
2.029989204842651e-09
1.9060791523793977e-09
1.7892562656692552e-09
1.6791457061876417e-09
1.5753906413429534e-09
1.477651477335045e-09
1.3856051202951506e-09
1.29894426478906e-09
1.2173767087985278e-09
1.140624694327693e-09
1.068424272810545e-09
1.0005246945235391e-09
9.366878212334953e-10
8.766875613356352e-10
8.203093267597476e-10
7.673495109450007e-10
7.176149872041375e-10
6.709226268182353e-10
6.270988362216847e-10
5.85979112655362e-10
5.474076176828836e-10
5.112367679815569e-10
4.773268428354434e-10
4.4554560777305263e-10
4.157679538070631e-10
3.878755517475553e-10
3.6175652107426883e-10
3.3730511286633233e-10
3.144214063014725e-10
2.9301101824893107e-10
2.729848254930902e-10
2.542586991366239e-10
2.367532507440546e-10
2.203935897981436e-10
2.0510909205302912e-10
1.9083317837911398e-10
1.775031037058881e-10
1.6505975567964847e-10
1.5344746266372824e-10
1.4261381071938934e-10
1.3250946921595162e-10
1.2308802472878071e-10
1.1430582289395771e-10
1.061218178982285e-10
9.849742929264374e-11
9.139640582784677e-11
8.478469601842476e-11
7.863032515301659e-11
7.290327847598964e-11
6.757539027549112e-11
6.262023862146586e-11
5.801304550590912e-11
5.3730582146095856e-11
4.9751079219861394e-11
4.605414181016292e-11
4.262066884413568e-11
3.9432776819674194e-11
3.647372762021791e-11
3.3727860225882373e-11
3.118052613636004e-11
2.881802832815347e-11
2.6627563575608022e-11
2.459716797198894e-11
2.2715665493421693e-11
2.0972619454896022e-11
1.935828671377486e-11
1.7863574482266846e-11
1.6479999616198068e-11
1.5199650253084333e-11
1.4015149678030712e-11
1.2919622301298285e-11
1.1906661636549413e-11
1.0970300173762956e-11
1.010498104563668e-11
9.305531390930687e-12
8.567137322712704e-12
7.885320413774302e-12
7.255915615663413e-12
6.675050531786142e-12
6.139125968888307e-12
5.6447976949398864e-12
5.188959335001773e-12
4.768726340080257e-12
4.381420967251342e-12
4.0245582124835575e-12
3.695832640599974e-12
3.3931060597059745e-12
3.114395990167023e-12
2.8578648808607965e-12
2.62181002794944e-12
2.4046541538238547e-12
2.204936606171162e-12
2.021305139306917e-12
1.8525082420027406e-12
1.6973879780297533e-12
1.5548733075310553e-12
1.423973859140999e-12
1.30377412447996e-12
1.1934280482833427e-12
1.0921539889695706e-12
9.992300259204497e-13
9.13989591138746e-13
8.358174042700578e-13
7.641456912259661e-13
6.984506678313173e-13
6.382492710404706e-13
5.830961213280679e-13
5.325807008639191e-13
4.863247330303143e-13
4.4397974973506683e-13
4.0522483382034246e-13
3.697645246647178e-13
3.373268758288849e-13
3.0766165430491505e-13
2.8053867159720017e-13
2.5574623749287515e-13
2.3308972797193555e-13
2.1239025926459503e-13
1.9348346058745387e-13
1.762183385827859e-13
1.6045622694779627e-13
1.460698151752873e-13
1.3294225073484902e-13
1.209663094062485e-13
1.1004362883534503e-13
1.0008400071892647e-13
9.100471733986436e-14
8.272996846872444e-14
7.519028492401124e-14
6.832202534133134e-14
6.20669029432595e-14
5.637154932725374e-14
5.118711249987791e-14
4.64688865824283e-14
4.2175970796906097e-14
3.8270955512733015e-14
3.4719633294609015e-14
3.149073304103709e-14
2.855567544199504e-14
2.5888348113754444e-14
2.346489888935262e-14
2.1263545855461896e-14
1.9264402830801693e-14
1.7449319078316142e-14
1.5801732133632302e-14
1.4306532716173306e-14
1.2949940767236717e-14
1.1719391731696155e-14
1.0603432267148654e-14
9.591624626632106e-15
8.674459018845028e-15
7.843273303370912e-15
7.0901794280737686e-15
6.407996061837967e-15
5.790186918425585e-15
5.23080430666567e-15
4.724437478692051e-15
4.266165381702242e-15
3.851513449935355e-15
3.4764141024219052e-15
3.137170638732037e-15
2.8304242495741938e-15
2.5531238818473494e-15
2.30249871874342e-15
2.076033054868439e-15
1.8714433642229646e-15
1.6866573753569234e-15
1.519794983204903e-15
1.369150841100357e-15
1.2331784893602832e-15
1.1104758887007619e-15
9.997722376712667e-16
8.999159633499152e-16
8.098637837902433e-16
7.286707492156565e-16
6.554811767760497e-16
5.895204008651163e-16
5.300872675984225e-16
4.765473081124608e-16
4.2832653091053544e-16
3.849057785882555e-16
3.4581559895654713e-16
3.1063158487836725e-16
2.7897014107489975e-16
2.5048463976872376e-16
2.2486193034107197e-16
2.0181917121119876e-16
1.8110095492181343e-16
1.6247669995591876e-16
1.4573828513537752e-16
1.306979045795929e-16
1.1718612314800996e-16
1.0505011406955082e-16
9.415206208799906e-17
8.436771693834551e-17
7.558508332629278e-17
6.770323482270932e-17
6.063124021635449e-17
5.42871919008765e-17
4.8597326814469234e-17
4.349523130990401e-17
3.892112211638433e-17
3.482119626910688e-17
3.1147043533409506e-17
2.785511544354514e-17
2.490624561637141e-17
2.2265216492098596e-17
1.9900368102033975e-17
1.7783244870706638e-17
1.5888276830452464e-17
1.419249196369028e-17
1.2675256694660762e-17
1.1318041831039211e-17
1.010421150907175e-17
9.018832925892423e-18
8.048504851644221e-18
7.181203103702021e-18
6.406141337520552e-18
5.713645664882639e-18
5.095041752107986e-18
4.542553179363539e-18
4.049209958818587e-18
3.6087662150751204e-18
3.215626127098082e-18
2.8647773176511323e-18
2.551730954850902e-18
2.272467901636529e-18
2.0233903133927634e-18
1.8012781422856603e-18
1.6032500596454265e-18
1.4267283554658512e-18
1.2694074172628588e-18
1.129225429566255e-18
