0.01667978744341665
0.027345953880469724
0.033751045561897265
0.03717190370169915
0.038534750710367056
0.03850793256023256
0.037570585238216415
0.03606340668219121
0.034226143057481014
0.03222522050511811
0.030174074329854715
0.028148072345640172
0.026195441115114043
0.024345240598936852
0.02261316252160002
0.02100572688026195
0.019523301801214452
0.018162261191213697
0.01691651248552244
0.015778565907540416
0.014740271545118594
0.0137933171379647
0.012929554731300981
0.012141206038718665
0.01142098281286835
0.010762148515962088
0.010158540206525226
0.009604564138834674
0.009095174607789698
0.008625842690451795
0.00819251945776362
0.007791596745954471
0.007419867529603399
0.007074487209190208
0.0067529366255903115
0.006452987277015158
0.00617266899046748
0.0059102401544317415
0.005664160526122201
0.005433066567426945
0.005215749225451087
0.00501113404892599
0.004818263515078201
0.004636281429505929
0.004464419253383353
0.004301984205982064
0.004148348987296825
0.004002942963821978
0.003865244661805093
0.0037347754154652946
0.0036110940236242107
0.0034937922756234398
0.003382491217207127
0.0032768380378446105
0.0031765034729717445
0.003081179627015605
0.0029905781356841803
0.0029044285982887936
0.0028224772224900723
0.0027444856347253735
0.0026702298192159643
0.0025994991570627516
0.002532095544204862
0.00246783257300458
0.002406534767163151
0.002348036863420676
0.0022921831361494027
0.002238826763035921
0.002187829231173869
0.0021390597834921813
0.0020923949057072675
0.002047717853831131
0.0020049182219277996
0.001963891549355095
0.0019245389661667284
0.001886766874947768
0.0018504866667510768
0.0018156144685338538
0.0017820709191242643
0.0017497809705926241
0.0017186737117780044
0.0016886822107177036
0.0016597433728106604
0.0016317978116816099
0.0016047897298862538
0.0015786668068541836
0.0015533800917450571
0.0015288838990865587
0.0015051357054535984
0.0014820960456355095
0.0014597284070260294
0.0014379991212533278
0.0014168772522485588
0.0013963344801966085
0.0013763449810039695
0.001356885301070125
0.001337934227354882
0.0013194726528248449
0.0013014834375115797
0.0012839512655726945
0.0012668624987828931
0.0012502050270388812
0.0012339681165357806
0.0012181422563658393
0.0012027190043408375
0.0011876908329603066
0.001173050976460256
0.0011587932799495737
0.0011449120517063773
0.0011314019196744397
0.0011182576932778894
0.0011054742316336397
0.0010930463192314215
0.0010809685501195726
0.0010692352215729167
0.0010578402381737904
0.0010467770271050025
0.0010360384653858978
0.0010256168196526034
0.0010155036989287923
0.0010056900207252534
0.0009961659906013904
0.0009869210952179602
0.000977944108685515
0.0009692231118976913
0.0009607455243388498
0.0009524981477205444
0.000944467220651021
0.0009366384833801541
0.0009289972515876577
0.0009215284980217047
0.0009142169407603805
0.0009070471367498594
0.0009000035792726812
0.0008930707979398463
0.0008862334598162745
0.0008794764702940394
0.0008727850723718956
0.0008661449430631157
0.0008595422857047255
0.0008529639170604406
0.0008463973481951054
0.0008398308582201822
0.0008332535601397564
0.0008266554581489678
0.0008200274958891337
0.0008133615952821109
0.0008066506857325394
0.0007998887235927656
0.000793070701944684
0.000786192650854704
0.0007792516283961893
0.000772245702820805
0.0007651739263727323
0.0007580363013168356
0.0007508337388259987
0.0007435680114302554
0.0007362416997824377
0.0007288581345248453
0.0007214213340598541
0.0007139359390468787
0.0007064071444301025
0.0006988406298046634
0.0006912424888927205
0.000683619158877144
0.0006759773502956696
0.0006683239781564526
0.0006606660948808398
0.0006530108256238435
0.0006453653064636993
0.000637736625889242
0.0006301317699514665
0.0006225575713815505
0.0006150206629160659
0.0006075274350066125
0.0006000839980361277
0.0005926961491021702
0.0005853693433807202
0.0005781086700293527
0.0005709188325479377
0.0005638041334715679
0.0005567684632354177
0.0005498152930205415
0.0005429476713617986
0.0005361682242779144
0.0005294791586661491
0.0005228822686903184
0.000516378944884799
0.0005099701856877713
0.0005036566111216157
0.0004974384783350514
0.000491315698731975
0.00048528785641640583
0.0004793542276954745
0.00047351380139458866
0.00046776529975323274
0.0004621071996845862
0.00045653775420072127
0.00045105501382097123
0.00044565684779878636
0.000440340965022321
0.0004351049344595029
0.00042994620503689513
0.0004248621248599974
0.00041984995969588447
0.0004149069106576607
0.0004100301310430057
0.0004052167422918745
0.00040046384904341906
0.0003957685532790296
0.00039112796755204116
0.00038653922731100415
0.00038199950233101814
0.0003775060072739294
0.00037305601140353114
0.0003686468474849239
0.00036427591990028236
0.00035994071201552873
0.0003556387928335412
0.0003513678229684787
0.00034712555997755493
0.0003429098630840341
0.00033871869732438325
0.00033455013715121636
0.00033040236952087184
0.0003262736964930254
0.00032216253736727554
0.00031806743037906225
0.000313987033975381
0.0003099201276890261
0.0003058656126268084
0.00030182251158727497
0.00029778996882010554
0.0002937672494398343
0.0002897537385036052
0.00028574893976397205
0.00028175247410552716
0.0002777640776750311
0.00027378359971427454
0.00026981100010536424
0.0002658463466385264
0.000261889812013086
0.00025794167058326223
0.0002540022948614758
0.0002500721517921082
0.0002461517988110277
0.00024224187970587794
0.0002383431202940779
0.0002344563239365631
0.00023058236690523827
0.0002267221936244927
0.0002228768118064663
0.0002190472875011277
0.00021523474008260072
0.00021144033719318336
0.00020766528966671788
0.000203910846453181
0.0002001782895655779
0.000196468929070325
0.00019278409814128068
0.00018912514819711344
0.00018549344414060142
0.00018189035971736357
0.0001783172730106091
0.0001747755620868027
0.00017126660080596577
0.00016779175480886635
0.0001643523776917902
0.000160949807377936
0.00015758536269308581
0.0001542603401513474
0.00015097601095555047
0.00014773361821501297
0.00014453437438210456
0.00014137945890770626
0.00013827001611398476
0.0001352071532821062
0.00013219193895107765
0.00012922540142290383
0.00012630852746847566
0.0001234422612276497
0.00012062750329635823
0.00011786510999314178
0.00011515589279682233
0.00011250061794700865
0.00010990000619872204
0.00010735473272253225
0.00010486542714144849
0.0001024326736961043
0.00010005701152996913
9.773893508659165e-05
9.547889461139409e-05
9.327729675089681e-05
9.113450524295004e-05
8.905084169200143e-05
8.70265864242436e-05
8.506197941801875e-05
8.315722130574221e-05
8.131247444427171e-05
7.952786405149391e-05
7.780347940757676e-05
7.613937512034054e-05
7.453557245480867e-05
7.29920607279645e-05
7.15087987704357e-05
7.008571645777468e-05
6.872271631467435e-05
6.741967519636652e-05
6.617644605223083e-05
6.499285977745651e-05
6.386872715938413e-05
6.28038409260543e-05
6.179797790524332e-05
6.085090130321548e-05
5.996236311322006e-05
5.913210666476298e-05
5.835986932559292e-05
5.764538536939168e-05
5.698838902318237e-05
5.638861770970869e-05
5.584581550112511e-05
5.535973680185909e-05
5.493015027964211e-05
5.455684306562883e-05
5.423962524578152e-05
5.3978334667858344e-05
5.3772842090174385e-05
5.36230567003941e-05
5.352893203511207e-05
5.349047233344442e-05
5.350773936061107e-05
5.3580859740609446e-05
5.371003284033235e-05
5.389553925098465e-05
5.413774991672025e-05
5.443713596456249e-05
5.479427929422226e-05
5.520988399159717e-05
5.5684788634999946e-05
5.62199795691132e-05
5.6816605228195366e-05
5.7475991596722025e-05
5.8199658903461154e-05
5.898933965296543e-05
5.9846998107378366e-05
6.077485134103263e-05
6.177539200075882e-05
6.285141291606012e-05
6.40060337155803e-05
6.52427296195505e-05
6.656536259229908e-05
6.797821505447785e-05
6.948602637165444e-05
7.10940323540754e-05
7.280800802260347e-05
7.46343139170049e-05
7.65799462463525e-05
7.865259120666845e-05
8.086068381801227e-05
8.321347166322964e-05
8.572108394264681e-05
8.839460629336406e-05
9.124616186011887e-05
9.42889991444741e-05
9.753758720380347e-05
0.00010100771881818118
0.00010471662229516823
0.00010868308263709183
0.00011292757285526812
0.00011747239627943024
0.00012234184077978405
0.00012756234589307862
0.00013316268392399115
0.00013917415617848818
0.00014563080557798653
0.00015256964700126186
0.00016003091680706117
0.00016805834310289027
0.00017669943844678267
0.00018600581679772775
0.00019603353666868077
0.0002068434725833474
0.00021850171709501874
0.00023108001579310997
0.0002446562379015614
0.0002593148852627053
0.00027514764270203184
0.0002922539729837012
0.0003107417597938345
0.00033072800243057486
0.0003523395661350021
0.0003757139922688837
0.0004010003728315504
0.00042836029411198853
0.000457968854592817
0.0004900157625617318
0.0005247065192433847
0.0005622636936412088
0.000602928295676133
