0.027925531914893616
0.044326241134751775
0.05260970744680851
0.0553800975177305
0.05456802692819149
0.051565616688829786
0.047349321081283244
0.0425837090674867
0.03770505621078167
0.03298637714791805
0.028586652684718997
0.02458724062493507
0.021018253758232644
0.017877296881472812
0.015142515544442738
0.012781492454257418
0.010757164520947162
0.009031634477302779
0.007568514686952649
0.0063342604242163664
0.005298816507098899
0.004435805180394464
0.0037224156839943167
0.003139109291883026
0.002669221489468316
0.002298520545470032
0.0020147655412244402
0.0018072945914412906
0.001666664068795336
0.0015843513291200577
0.0015525263628112487
0.00156389186957181
0.0016115864886244496
0.0016891423628402364
0.00179048588918794
0.0019099693656905432
0.002042421176518205
0.002183202994228355
0.00232826401368102
0.0024741842388411924
0.0026182010960098387
0.0027582159385632697
0.0028927791649057586
0.0030210545594658742
0.0031427649965084887
0.0032581227715266126
0.00336774853691843
0.0034725831413926767
0.00357379665395426
0.003672698556933056
0.0037706525896200327
0.003868999086747419
0.003968986951596861
0.0040717166904081035
0.004178095260116576
0.0042888028799572785
0.0044042714515026855
0.004524673832325545
0.004649922917168142
0.004779679291183427
0.004913366121006643
0.005050189926364884
0.005189165911415005
0.005329146614900718
0.005468852746668525
0.005606905202270511
0.005741857376931783
0.005872227027364591
0.00599652704949992
0.006113294649168698
0.00622111847989989
0.006318663407485887
0.00640469263593087
0.006478086995487465
0.006537861252546879
0.0065831773549072355
0.006613354575883571
0.006627876567876762
0.006626395381032639
0.006608732545646576
0.006574877357836344
0.006524982546197335
0.006459357531995072
0.006378459526148451
0.00628288273201904
0.006173345943177451
0.006050678839282343
0.005915807290677008
0.005769737983130965
0.0056135426684701265
0.005448342334974645
0.005275291573927057
0.005095563396284912
0.0049103347269563195
0.0047207727745228745
0.00452802244243808
0.00433319491470853
0.004137357515776515
0.00394152491163343
0.0037466516878762227
0.0035536263111461044
0.0033632664536852744
0.0031763156370451517
0.0029934411305401402
0.00281523302304408
0.002642204373205288
0.0024747923330600027
0.0023133601332134502
0.0021581998140112833
0.002009535586177007
0.0018675277059295179
0.0017322767532809403
0.0016038282077009693
0.0014821772222692613
0.0013672735054801224
0.0012590262286934337
0.0011573088865431925
0.001061964047151649
0.0009728079385163158
0.0008896348267360924
0.0008122211506548036
0.0007403293858884842
0.000673711618965832
0.0006121128193767583
0.0005552738036449354
0.000502933891095641
0.0004548332557785964
0.0004107149830435997
0.0003703268425847564
0.00033342279240852985
0.0002997642301932088
0.0002691210099462853
0.00024127224279362776
0.00021600690120897578
0.00019312424607618368
0.00017243409572837147
0.000153756955584305
0.00013692402625577023
0.00012177710707942319
0.00010816841097654957
9.596030540441795e-05
8.502499296753352e-05
7.524414403703015e-05
6.650849250619439e-05
5.871740461163963e-05
5.177842958980296e-05
4.56068398305053e-05
4.01251671440598e-05
3.526274078243367e-05
3.0955231953516904e-05
2.7144208742813057e-05
2.3776704609645177e-05
2.080480295429862e-05
1.8185239656386647e-05
1.5879024959939556e-05
1.385108562350795e-05
1.2069927859612039e-05
1.050732125241572e-05
9.138003560730598e-06
7.939406080397864e-06
6.8913990508684565e-06
5.976056440639244e-06
5.177439330537582e-06
4.481397028358289e-06
3.875384988992913e-06
3.3482985772194578e-06
2.8903216922994456e-06
2.4927892713540926e-06
2.148062699359056e-06
1.8494171750127457e-06
1.5909401114890895e-06
1.367439687258949e-06
1.174362703072762e-06
1.0077209454100107e-06
8.640253029954451e-07
7.402269303322993e-07
6.336647997616964e-07
5.420190306298828e-07
4.632694301788586e-07
3.956587253335888e-07
3.3766000731381427e-07
2.8794795170758603e-07
2.4537341514409876e-07
2.0894104589488207e-07
1.777895795678026e-07
1.5117452253385794e-07
1.2845295487434114e-07
1.0907021151431053e-07
9.254822489811107e-08
7.847533515988932e-08
6.649739435413839e-08
5.6310010052953776e-08
4.7651790606372836e-08
4.029846972035211e-08
3.405780185270166e-08
2.8765132377957297e-08
2.4279557640882685e-08
2.0480600013885317e-08
1.7265331999340746e-08
1.4545891371242669e-08
1.2247336423059976e-08
1.0305796665435793e-08
8.666879877315902e-09
7.2843013301139355e-09
6.118705343474001e-09
5.1366531542994964e-09
4.309754443691637e-09
3.6139228199514747e-09
3.0287381456381388e-09
2.5369008642044415e-09
2.123765464138256e-09
1.776941949207972e-09
1.4859556922022217e-09
1.2419573631374143e-09
1.0374757650296907e-09
8.662074020884455e-10
7.228374653074164e-10
6.028876654600823e-10
5.025869880788334e-10
4.1876200200307816e-10
3.487438338664647e-10
2.9028933542245305e-10
2.415143276197898e-10
2.0083711248559707e-10
1.6693070784114387e-10
1.3868248650017045e-10
1.1516009596829945e-10
9.558270120064771e-11
7.92967355290779e-11
6.575546677877295e-11
5.450178974826244e-11
4.51537451316317e-11
3.739234078056326e-11
3.095131580595632e-11
2.5608543015456912e-11
2.1178811962550006e-11
1.7507774639078737e-11
1.4466869602596641e-11
1.1949068973990427e-11
9.865317024964946e-12
8.141549646620882e-12
6.716201403517015e-12
5.538121605939613e-12
4.564833281177634e-12
3.761079437664728e-12
3.0976098881689687e-12
2.5501693804929998e-12
2.0986540896667856e-12
1.726408835743459e-12
1.4196418600839162e-12
1.1669377511944783e-12
9.588522696329686e-13
7.875754741748283e-13
6.466517778683624e-13
5.307474300919625e-13
4.3545748613661925e-13
3.571456372089665e-13
2.9281137163325967e-13
2.399798566174968e-13
1.9661069805745446e-13
1.6102237775137237e-13
1.3182970350923467e-13
1.0789205513892763e-13
8.827058260908755e-14
7.219282394591834e-14
5.902346978998514e-14
4.8240217549907083e-14
3.941383789251632e-14
3.2191725892090276e-14
2.628433353717711e-14
2.145398365572732e-14
1.7505651173170257e-14
1.427936889271404e-14
1.1643974128084023e-14
9.491961567094178e-15
7.735248401954893e-15
6.301691447842461e-15
5.132223866935254e-15
4.178502204888459e-15
3.4009735494337883e-15
2.767288417467258e-15
2.2509980336889124e-15
1.8304854508582538e-15
1.488088869501964e-15
1.2093828675167515e-15
9.825893163416597e-16
7.980947630682941e-16
6.48055181669885e-16
5.260723943833222e-16
4.26929262771719e-16
3.4637305186862614e-16
2.8093826668265146e-16
2.2780181982379834e-16
1.8466467125961722e-16
1.4965513507343887e-16
1.212499139059988e-16
9.8209632786897e-17
7.952622774316026e-17
6.438002352720207e-17
5.2104727672819306e-17
4.2158890214800884e-17
3.410264243146167e-17
2.757874428827545e-17
2.2297147427663888e-17
1.8022425597023833e-17
1.4563543113803595e-17
1.1765529080606514e-17
9.502704483844383e-18
7.673174236714477e-18
6.19434928719998e-18
4.999307258213962e-18
4.03383548573371e-18
3.2540292190537094e-18
2.624341330703385e-18
2.1159991230727026e-18
1.7057195091997668e-18
1.3746666368935725e-18
1.1076064504596246e-18
8.92221177815564e-19
7.185536483606482e-19
5.785569791796298e-19
4.657297513848594e-19
3.7482052844152485e-19
3.015886023838769e-19
2.426103210028998e-19
1.951223546637413e-19
1.5689489125538737e-19
1.2612907187116603e-19
1.0137405519823141e-19
8.145997171271796e-20
6.54437374653795e-20
5.256527229683083e-20
4.221213380329343e-20
3.389095667211315e-20
2.7204393702504774e-20
2.1832503402403767e-20
1.7517730463665312e-20
1.405278856809793e-20
1.127088709702176e-20
9.037850279313581e-21
7.245763883734518e-21
5.80785460911148e-21
4.654363988783685e-21
3.7292244489849934e-21
2.9873822081517304e-21
2.3926416483302043e-21
1.9159299864241116e-21
1.5339006200625541e-21
1.2278093097304597e-21
9.826101055195e-22
7.862282162481534e-22
6.289753223835063e-22
5.030795336913201e-22
4.023075964089867e-22
3.2166131245495453e-22
2.5713364641719386e-22
2.0551282776388185e-22
1.642250375439289e-22
1.312081071279006e-22
1.0481013714080903e-22
8.370813696882562e-23
6.684274501945697e-23
5.336586241190915e-23
4.2598654376762247e-23
3.3997873710815395e-23
2.712886283373623e-23
2.16439144072108e-23
1.7264930478758995e-23
1.3769529087775483e-23
1.0979915196872254e-23
8.75396772095674e-24
6.978102786936907e-24
5.56156037408864e-24
4.4318313475110346e-24
3.5309979745678634e-24
2.8128060170097857e-24
2.2403225990254256e-24
1.7840630158233673e-24
1.420492876771582e-24
1.1308306032065398e-24
9.000902328974152e-25
7.163164510313486e-25
5.699733578501105e-25
4.534561665032273e-25
3.607011791680321e-25
2.868743182807735e-25
2.2812243613539843e-25
1.8137478530842346e-25
1.4418456089121802e-25
1.1460244885779527e-25
9.107573368153637e-26
7.236781317653875e-26
5.749400409631531e-26
4.5670350043499483e-26
3.627280519441341e-26
2.880469642988241e-26
2.287078927588225e-26
1.8156620878202018e-26
1.441203309892894e-26
