0.02380403099412635
0.03881635321000132
0.047627744576760264
0.05212159708642763
0.053660404313553706
0.05322400978556507
0.05151193123183938
0.049018986366109824
0.046091100288180246
0.042966412847670096
0.03980548969269693
0.036713463140079484
0.033756202972988966
0.03097207797444996
0.028380468018845226
0.02598788802207746
0.02379236257174958
0.021786524158617215
0.01995978424319386
0.018299834270636594
0.016793665265546244
0.015428243864590125
0.014190945123163249
0.013069814805527834
0.012053713607556865
0.011132380958915644
0.010296445279386519
0.009537399749129831
0.008847557001153031
0.008219992066931919
0.007648479972096165
0.0071274322730949845
0.006651835319414771
0.006217191954824439
0.005819467615236338
0.005455041255401884
0.005120661178991242
0.004813405611459473
0.004530647709334478
0.004270024618575034
0.00402941015930167
0.0038068907114154555
0.0036007438940017238
0.0034094196632520842
0.003231523493104495
0.003065801344937528
0.0029111261749416896
0.0027664857675714434
0.0026309717195453245
0.002503769430567902
0.0023841489839131315
0.002271456822195043
0.002165108141536078
0.0020645799413578103
0.001969404677507032
0.0018791644741352855
0.0017934858552751656
0.0017120349606985635
0.0016345132130833914
0.0015606534050812855
0.0014902161758417322
0.0014229868473452265
0.001358772591471245
0.0012973998995536883
0.0012387123269238438
0.0011825684861879045
0.0011288402641345435
0.001077411238793621
0.0010281752747698942
0.0009810352768472468
0.0009359020836702571
0.0008926934852783614
0.0008513333501097722
0.0008117508489122005
0.0007738797646872195
0.000737657879346434
0.0007030264291567044
0.0006699296222680044
0.000638314212646949
0.0006081291256138144
0.0005793251308615794
0.0005518545593876523
0.0005256710611533963
0.0005007294005915518
0.00047698528724623063
0.0004543952389538301
0.00043291647501670526
0.00041250683684394975
0.00039312473351248167
0.0003747291096988061
0.0003572794334157879
0.0003407357009889107
0.0003250584567275395
0.00031020882480435174
0.00029614855091693836
0.00028284005140613355
0.0002702464676455598
0.00025833172364610695
0.00024706058499972825
0.00023639871746733318
0.00022631274370601227
0.00021677029683946823
0.0002077400697671098
0.00019919185931957823
0.0001910966045563837
0.00018342641868492567
0.0001761546142630255
0.00016925572149667267
0.00016270549959483227
0.0001564809412703345
0.0001505602705841401
0.00014492293442573014
0.00013954958800020705
0.0001344220747497273
0.00012952340118592336
0.00012483770714267513
0.00012035023197165339
0.00011604727722061285
0.000111916166322569
0.00010794520182201556
0.00010412362064256888
0.00010044154787825632
9.688994956616805e-05
9.346058486462636e-05
9.014595802961652e-05
8.693927054775861e-05
8.383437375167814e-05
8.082572220257957e-05
7.790832810061098e-05
7.507771693844934e-05
7.232988459330585e-05
6.966125601322232e-05
6.70686456304547e-05
6.454921960521052e-05
6.210045998072039e-05
5.9720130804850245e-05
5.7406246256490655e-05
5.5157040793048234e-05
5.297094131950994e-05
5.084654136541609e-05
4.878257724155906e-05
4.677790613649837e-05
4.483148610289777e-05
4.294235787582999e-05
4.1109628456183736e-05
3.9332456386914455e-05
3.7610038644967096e-05
3.5941599067314744e-05
3.432637822714586e-05
3.2763624673213545e-05
3.125258744512429e-05
2.979250977653992e-05
2.8382623898168815e-05
2.702214685375829e-05
2.5710277243729984e-05
2.4446192812574164e-05
2.3229048799038904e-05
2.205797697082379e-05
2.093208526822745e-05
1.9850457985037703e-05
1.88121564183824e-05
1.7816219922989742e-05
1.6861667309244534e-05
1.594749852844631e-05
1.50726965928192e-05
1.4236229681483424e-05
1.343705338817888e-05
1.267411306989234e-05
1.1946346259815656e-05
1.1252685111575512e-05
1.0592058845378141e-05
9.96339617013119e-06
9.36562765878743e-06
8.79768805748966e-06
8.25851851171112e-06
7.747068695518352e-06
7.2622988325044995e-06
6.803181599257736e-06
6.36870390439635e-06
5.957868538067754e-06
5.569695688595488e-06
5.2032243245229185e-06
4.857513441623839e-06
4.53164317576e-06
4.224715783434789e-06
3.935856492907358e-06
3.664214229417706e-06
3.408962218816571e-06
3.169298474358839e-06
2.9444461719040027e-06
2.7336539190942e-06
2.5361959243168797e-06
2.3513720714473313e-06
2.1785079064781946e-06
2.0169545421756306e-06
1.8660884868870986e-06
1.7253114036065192e-06
1.5940498052622205e-06
1.471754692099712e-06
1.357901136854103e-06
1.2519878232403655e-06
1.153536543077662e-06
1.06209165715456e-06
9.772195247125104e-07
8.985079061884755e-07
8.255653436155879e-07
7.580205228276224e-07
6.95521621374912e-07
6.377356458003424e-07
5.843477616846639e-07
5.350606196206895e-07
4.89593680041978e-07
4.476825395917394e-07
4.090782614945397e-07
3.7354671216714786e-07
3.408679060962553e-07
3.108353607993848e-07
2.832554634927594e-07
2.57946850897575e-07
2.3473980343805404e-07
2.1347565491309457e-07
1.9400621856245327e-07
1.7619323029550746e-07
1.5990780970833758e-07
1.4502993938049452e-07
1.314479628193104e-07
1.1905810130265825e-07
1.0776398976642536e-07
9.747623178296677e-08
8.811197358906901e-08
7.959449703967078e-08
7.185283129076196e-08
6.482138294895096e-08
5.843958436709682e-08
5.2651559713671536e-08
4.740580839918031e-08
4.265490540432862e-08
3.835521802218254e-08
3.4466638499656296e-08
3.0952332042025485e-08
2.7778499627349436e-08
2.491415506516553e-08
2.2330915725827207e-08
2.000280636226107e-08
1.7906075445002013e-08
1.6019023433467718e-08
1.4321842411348382e-08
1.2796466521393752e-08
1.1426432644458387e-08
1.0196750779184882e-08
9.093783591877024e-09
8.105134620621441e-09
7.219544633523446e-09
6.42679565752823e-09
5.71762221180803e-09
5.083629297627387e-09
4.5172167150767965e-09
4.011509295663151e-09
3.560292658527662e-09
3.1579541168060844e-09
2.7994283792507778e-09
2.480147710626913e-09
2.1959962324771663e-09
1.943268063535595e-09
1.718629016322116e-09
1.5190815831937904e-09
1.3419329613343628e-09
1.1847658817854616e-09
1.0454120226495171e-09
9.219278009929165e-10
8.125723517401584e-10
7.157875149732751e-10
6.301796655263028e-10
5.545032306023375e-10
4.87645752340883e-10
4.286143628424688e-10
3.765235491240732e-10
3.305840948536678e-10
2.9009309450647795e-10
2.5442494382702247e-10
2.2302321818382314e-10
1.9539335759279945e-10
1.710960838839366e-10
1.4974148171475848e-10
1.3098368091833597e-10
1.1451608303541789e-10
1.0006707984343299e-10
8.739621628148424e-11
7.629075440282989e-11
6.656259888638656e-11
5.8045548227301017e-11
5.0592839023827785e-11
4.407495380365406e-11
3.8377665605348024e-11
3.340029506833351e-11
2.9054158104284646e-11
2.5261184340173232e-11
2.195268845395745e-11
1.9068278281986375e-11
1.6554885176480557e-11
1.4365903544466852e-11
1.2460427818112361e-11
1.0802576301753615e-11
9.360892423282952e-12
8.107814896540983e-12
7.0192091859947105e-12
6.073953463415285e-12
5.253572966214275e-12
4.541917315599087e-12
3.9248759362768e-12
3.390127244039008e-12
2.9269177387242727e-12
2.525867562794053e-12
2.1787994647127587e-12
1.8785884456940268e-12
1.6190296720364286e-12
1.3947225067210682e-12
1.2009687563897981e-12
1.0336834461730938e-12
8.893166277280213e-13
7.647848976837688e-13
6.574114566327622e-13
5.648736748263479e-13
4.851572515957044e-13
4.165161628306717e-13
3.574376860523849e-13
3.0661187700644907e-13
2.629049464551669e-13
2.253360520063902e-13
1.9305707832802222e-13
1.653350308042002e-13
1.4153671335018278e-13
1.211154013940957e-13
1.0359925656070997e-13
8.858126089649665e-14
7.571047603751057e-14
6.468445697332914e-14
5.5242671383299864e-14
4.7160794256692625e-14
4.024576395875425e-14
3.433150033887923e-14
2.927519813391968e-14
2.4954120010310368e-14
2.1262823300844654e-14
1.8110762991226692e-14
1.5420220944682092e-14
1.3124517849501458e-14
1.1166470048886614e-14
9.49705836571326e-15
8.074280355870846e-15
6.862161191077428e-15
5.829901654426343e-15
4.951144590120623e-15
4.203343636249072e-15
3.567220232793934e-15
3.0262967775589757e-15
2.5664954363156005e-15
2.17579353182779e-15
1.8439276671761963e-15
1.562139806177886e-15
1.3229594588549114e-15
1.120016921355402e-15
9.47883213627715e-16
8.019329586057551e-16
6.782269659759172e-16
5.73411732496531e-16
4.846334586634098e-16
4.0946451640122427e-16
3.4584059147760536e-16
2.9200697364626024e-16
2.4647268246522716e-16
2.0797130195646517e-16
1.7542755679796452e-16
1.4792880006843244e-16
1.2470070072453037e-16
1.050865206098073e-16
8.852945814344812e-17
7.455761088525332e-17
6.277117362060383e-17
5.2831543927959556e-17
4.445205465110978e-17
3.7390093397327866e-17
3.1440404067014226e-17
2.642939530753098e-17
2.221030637788293e-17
1.8659102818308906e-17
1.5670993062359098e-17
1.3157473158413604e-17
1.104382046972719e-17
9.266968929694359e-18
7.773708428130508e-18
6.519159440501313e-18
5.465481296153981e-18
4.58077869467614e-18
3.838176376771901e-18
3.2150363705777813e-18
2.6922960801952625e-18
2.253908758086238e-18
1.886370690458111e-18
