0.059635179210212524
0.09012951970961633
0.10216609604054148
0.10294572951006525
0.09725138959973609
0.08820019101430986
0.07777214705831181
0.06717990924208832
0.057125655014585
0.04797821439749865
0.039894088388885675
0.03289921182590104
0.02694342510827383
0.021936114241371093
0.01776897271454845
0.014330052716651378
0.011512004801909871
0.009216507957578748
0.007356260348750156
0.005855458609821989
0.004649385606160167
0.003683513786394126
0.002912385460368956
0.002298432513315241
0.0018108319500332367
0.001424450164610623
0.0011189008415422707
0.0008777239285132119
0.0006876827060701529
0.0005381702106627156
0.0004207134959594602
0.00032856332186903
0.0002563570899481148
0.0001998437014476598
0.0001556601793641892
0.00012115116707602719
9.422367205695938e-05
7.32305954165168e-05
5.687764257939423e-05
4.4149134877191874e-05
3.424903685330776e-05
2.6554187794860964e-05
2.057729026798226e-05
1.5937676545499636e-05
1.2338259118983871e-05
9.547386523531684e-06
7.384581837533062e-06
5.709348443361978e-06
4.412394577900803e-06
3.4087621887771086e-06
2.63245279291492e-06
2.0322285178050906e-06
1.5683345041388377e-06
1.2099428079537456e-06
9.33160666958756e-07
7.194797607648921e-07
5.545697296272914e-07
4.2734019203472027e-07
3.29211995239592e-07
2.535513840048256e-07
1.9523092915862205e-07
1.5028901244125763e-07
1.1566588779055071e-07
8.89992032955858e-08
6.846566582447456e-08
5.265849284081537e-08
4.049260488218299e-08
3.1131310293417966e-08
2.3929633049632996e-08
1.8390522563245823e-08
1.4131029878635747e-08
1.0856191264806049e-08
8.338869814405504e-09
6.404200933982195e-09
4.917594041948718e-09
3.7754802256549405e-09
2.8981794899713783e-09
2.2244035691133367e-09
1.707020407222106e-09
1.3097915907697678e-09
1.0048598658259228e-09
7.708147609741751e-10
5.912036471701392e-10
4.5338592207069983e-10
3.4765143982066697e-10
2.6654239079926367e-10
2.0433178627706923e-10
1.566224617523203e-10
1.2003880759559596e-10
9.198982907599076e-11
7.048706432185616e-11
5.400468394353631e-11
4.137201890480432e-11
3.1691013762244995e-11
2.42728348199651e-11
1.8589196043435676e-11
1.4234991473857627e-11
1.089961208075842e-11
8.344931976769417e-12
6.388415667578596e-12
4.89015685257768e-12
3.742935122719368e-12
2.864588884331306e-12
2.1921657236337924e-12
1.6774365636612202e-12
1.2834560869287664e-12
9.819257181821904e-13
7.511721472000371e-13
5.745978923458994e-13
4.3949381389463147e-13
3.3612912794575707e-13
2.570541496745202e-13
1.9656609372645886e-13
1.5029984359599265e-13
1.1491448793099947e-13
8.785323736206212e-14
6.71595623598356e-14
5.133640065288442e-14
3.923835572621338e-14
2.9989163733946233e-14
2.2918511945100432e-14
1.7513675873687807e-14
1.3382502894538913e-14
1.0225082888585864e-14
7.812069170167422e-15
5.96809000670753e-15
4.559056476985968e-15
3.482452316401895e-15
2.659905764408236e-15
2.031507588800891e-15
1.5514651599320259e-15
1.1847786877117606e-15
9.046994118958962e-16
6.907859357921922e-16
5.274180633104826e-16
4.0266053916779284e-16
3.0739437715057328e-16
2.3465280982411e-16
1.7911369763314011e-16
1.36711562058081e-16
1.0434107266672308e-16
7.963044637971107e-17
6.076828735403177e-17
4.637127363589766e-17
3.538306232735017e-17
2.699705281873409e-17
2.0597381720961126e-17
1.5713848987988662e-17
1.1987488380009724e-17
9.14427033428481e-18
6.97501766585348e-18
5.320067295610653e-18
4.057557258217931e-18
3.094482714954175e-18
2.3598668043808635e-18
1.7995466016550826e-18
1.3721924611793478e-18
1.0462691756260738e-18
7.97716263472295e-19
6.081773156334885e-19
4.636485256130327e-19
3.534472285701868e-19
2.6942472321160253e-19
2.0536555851052388e-19
1.5652914317285545e-19
1.192999789826817e-19
9.09207932845891e-20
6.928893430859806e-20
5.2801041415461817e-20
4.023455102172485e-20
3.065730796411886e-20
2.3358619921853608e-20
1.779667088336645e-20
1.3558414312420458e-20
1.0328986064781761e-20
7.868378737496979e-21
5.99365454935214e-21
4.565382402218728e-21
3.477296503135509e-21
2.6484117651111765e-21
2.0170126570432417e-21
1.5360705990639183e-21
1.169750595489372e-21
8.90748344996047e-22
6.782605051158963e-22
5.164376466371705e-22
3.9320517078421817e-22
2.9936471591094654e-22
2.279093636701008e-22
1.7350180256545875e-22
1.32076690729766e-22
1.0053767324830254e-22
7.65265337626941e-23
5.824731533898193e-23
4.433232802964706e-23
3.3740072579280565e-23
2.5677481857343852e-23
1.954068966680477e-23
1.486991463283159e-23
