0.04320659645115581
0.06801499746208997
0.08038111279423894
0.08452694414483007
0.08341857059487554
0.0791165027723693
0.07303183739770702
0.06611297365710625
0.05898122852219671
0.05202892299957305
0.045489974803530044
0.03949040798572604
0.03408424229422827
0.0292787808178839
0.025052244816375233
0.021365913569427134
0.01817234310692364
0.015420807513668177
0.01306079041058609
0.011044122593549515
0.009326192618318987
0.00786653396169408
0.006629003091619497
0.005581698319622719
0.004696723014319018
0.003949863698754123
0.0033202301136729334
0.0027898878405894635
0.0023435025968484
0.0019680074179659274
0.00165229859768385
0.0013869627155127194
0.0011640348049260288
0.000976786315763737
0.0008195407248310298
0.0006875142530209908
0.0005766790168267595
0.000483645980473998
0.0004055652151238958
0.0003400411682093872
0.00028506086859582933
0.00023893322194924656
0.00020023777307319913
0.00016778152058855608
0.00014056256024999302
0.0001177395047840419
9.860578020026839e-05
8.256803185024805e-05
6.912798937210141e-05
5.7867239633536626e-05
4.8434442538891096e-05
4.053459776194108e-05
3.3920032679692666e-05
2.838283448115233e-05
2.3748493933109095e-05
1.9870565779295086e-05
1.6626182280066475e-05
1.3912282863872457e-05
1.1642445052815628e-05
9.744220410344666e-06
8.15689481833775e-06
6.829605409958597e-06
5.719757378292487e-06
4.7916929964159e-06
4.015572814439334e-06
3.3664353892283372e-06
2.823407256568026e-06
2.369039345333797e-06
1.988749801143261e-06
1.6703563512243253e-06
1.4036840022880175e-06
1.1802361008139303e-06
9.929186689658876e-07
8.358095165435156e-07
7.039649671262134e-07
5.932581650433925e-07
5.002438816949324e-07
4.220455432325962e-07
3.5626087962808054e-07
3.008831674974185e-07
2.5423552191387394e-07
2.149160999000049e-07
1.817524217644979e-07
1.537633060381448e-07
1.3012715757100312e-07
1.1015555364163654e-07
9.32712454913196e-08
7.898983773109734e-08
6.690452978837847e-08
5.667340562556621e-08
4.800884347713713e-08
4.0668688888616354e-08
3.444889415784134e-08
2.9177377214719413e-08
2.4708894636466468e-08
2.0920758206211992e-08
1.7709253326808123e-08
1.49866416360605e-08
1.2678650146035281e-08
1.0722365819532961e-08
9.06446826014693e-09
7.65974461247863e-09
6.469840232683811e-09
5.462206534935031e-09
4.609213917947421e-09
3.88740306248037e-09
3.276852351446797e-09
2.760642863894682e-09
2.3244054602300624e-09
1.95593702036214e-09
1.6448750086271762e-09
1.3824212946243824e-09
1.161107618921227e-09
9.74596308534664e-10
8.175108607990596e-10
6.852918607803079e-10
5.740744053041899e-10
4.805837996423092e-10
4.020467902161966e-10
3.361160147850642e-10
2.808057033120316e-10
2.3443695940665825e-10
1.955912026933464e-10
1.6307056434359457e-10
1.3586420747028096e-10
1.1311969631071947e-10
9.411866743021034e-11
7.825616611752487e-11
6.502310475302486e-11
5.3991379666501916e-11
4.4801251018222054e-11
3.715064826266066e-11
3.078611329993711e-11
2.5495135738048753e-11
2.1099670842529027e-11
1.7450661642905554e-11
1.4423413067144612e-11
1.1913688529364964e-11
9.834418671344146e-12
8.112928416798741e-12
6.688602553284568e-12
5.5109220503557075e-12
4.537813556624863e-12
3.7342632411725096e-12
3.0711535790481172e-12
2.524288009969561e-12
2.0735737852825866e-12
1.7023378978060898e-12
1.3967548800897284e-12
1.1453685595131192e-12
9.38692660604686e-13
7.68877519364328e-13
6.294321850508642e-13
5.149928860124485e-13
4.211302740449432e-13
3.4418907605496955e-13
2.8115480640518463e-13
2.295430570401852e-13
1.8730760989549686e-13
1.5276422822977372e-13
1.2452749805935403e-13
1.0145852311858721e-13
8.262163943201044e-14
6.724861969152319e-14
5.470909233767797e-14
4.448611343185842e-14
3.615600765409428e-14
2.9371743692742344e-14
2.3849233601695047e-14
1.9356049376127353e-14
1.5702136397075957e-14
1.2732175325984098e-14
1.0319303875415921e-14
8.359959625190606e-15
6.76964636953876e-15
5.479460768428769e-15
4.433244509401916e-15
3.585250746947114e-15
2.8982330914121316e-15
2.3418815594231394e-15
1.8915432387443967e-15
1.527176442381279e-15
1.2324962252357042e-15
9.942766416594997e-16
8.017813090551938e-16
6.46298938760045e-16
5.207646905520916e-16
4.194516577945067e-16
3.3771962711957593e-16
2.7181058682908323e-16
2.1868237137734355e-16
1.7587339895823856e-16
1.413927461152799e-16
1.1363085781177699e-16
9.128705495638147e-17
7.331070801853417e-17
5.885352340016705e-17
4.7230861662889987e-17
3.789039266904168e-17
3.038670780448406e-17
2.4360766572625375e-17
1.9523264535630956e-17
1.5641180487473472e-17
1.2526899965425594e-17
1.0029425558094463e-17
8.027276705541746e-18
6.422756704126649e-18
5.137325606812883e-18
4.1078672543985356e-18
3.283678903126749e-18
2.6240445677254277e-18
2.0962796876530694e-18
1.674156202903388e-18
1.3366345327208221e-18
1.0668430508454852e-18
8.512570680287889e-19
6.790385719283118e-19
5.415054487520118e-19
4.3170495416825564e-19
3.4407108501640437e-19
2.7414944895329255e-19
2.1837641503767903e-19
1.739018996811509e-19
1.3844721699271715e-19
1.1019109557579236e-19
8.767831247491228e-20
6.97464816567855e-20
5.546740967462132e-20
4.4100135860423427e-20
3.505334151771234e-20
2.785526883052878e-20
2.2129657100947475e-20
1.7576498855801693e-20
1.3956655352013927e-20
1.107956137167756e-20
8.793402045231459e-21
6.977267126319421e-21
5.5348865757668245e-21
4.389630266261297e-21
3.480517920313697e-21
2.7590361306664857e-21
2.186599963828178e-21
1.7325292058859705e-21
1.3724353788889732e-21
1.0869365215154854e-21
8.606334227939255e-22
6.812943513751828e-22
5.392060005517931e-22
4.26656904383482e-22
3.375264005424579e-22
2.6695766379256203e-22
2.1109768493300606e-22
1.6689054345748606e-22
1.31913094351551e-22
1.0424440113198359e-22
8.23620113492842e-23
6.505957736215987e-23
5.138144645933761e-23
4.0570737920390547e-23
3.202813644986112e-23
2.5279198344171084e-23
1.994841815555677e-23
1.5738662918064773e-23
1.2414866923084397e-23
9.791107496818716e-24
7.720363137360844e-24
6.0863992122911e-24
4.797340754486547e-24
3.780582758905229e-24
2.9787605711335375e-24
2.3465602955959816e-24
1.8481946812085567e-24
1.4554060855429917e-24
1.1458868051057115e-24
9.020298198433729e-25
7.099410558723504e-25
5.586585892003985e-25
4.395355666887307e-25
3.457526197551984e-25
2.719326783702095e-25
2.1383674345220736e-25
1.6812365171344713e-25
1.3216041159180281e-25
1.0387249530717265e-25
8.1625693523283e-26
6.413289707209697e-26
5.038056114219435e-26
3.9570707574645146e-26
3.1075191047188107e-26
2.439964290960773e-26
1.9155050295976206e-26
1.5035357954326186e-26
1.179981987017957e-26
9.259096057457867e-27
7.264301806871443e-27
5.6983840158418886e-27
4.469331338650054e-27
3.5048291737368724e-27
2.748052800403942e-27
2.1543569082587114e-27
1.6886709832157027e-27
1.3234504117030674e-27
1.0370650197155722e-27
8.125318769636604e-28
6.365189920002247e-28
4.985621244571411e-28
3.9044923237890818e-28
3.0573675587899365e-28
2.3936956509183182e-28
1.8738240633801997e-28
1.4666540900118256e-28
1.1477993802313857e-28
8.981400649462738e-29
7.026876817911023e-29
5.496942354420728e-29
4.299529957990263e-29
3.3624985779409785e-29
2.629329098638336e-29
2.055747951592999e-29
1.607079024368279e-29
1.2561670919234682e-29
9.817496722525831e-30
7.671806662247715e-30
5.994299251506128e-30
4.682992132036857e-30
3.6580784999470844e-30
2.8571138292465056e-30
2.231245392747303e-30
1.7422590912127154e-30
1.3602667628060286e-30
1.0618953282681103e-30
8.288690806053363e-31
6.46899924248473e-31
5.048187950643072e-31
3.9389594176194144e-31
3.0730907755696006e-31
2.3972729124874394e-31
1.8698556695723604e-31
1.458302162291619e-31
1.1371979992385318e-31
8.86694654658811e-32
6.91292476990889e-32
5.388893562518362e-32
4.2003715772842033e-32
3.2736062348071224e-32
2.5510330212662847e-32
1.9877278468775661e-32
1.5486356383698545e-32
1.2064056015740168e-32
9.397005676307618e-33
7.31876764613613e-33
5.699529835411715e-33
4.438058042285702e-33
3.455413846722823e-33
2.6900513739705484e-33
2.0939907478871485e-33
1.6298321707340478e-33
1.2684262412051811e-33
9.870565034275792e-34
7.680217718074724e-34
5.975304267430501e-34
4.648381316311721e-34
3.6157546094485537e-34
2.812236743357023e-34
2.1870604273908733e-34
1.7006929286325103e-34
1.3223532619852187e-34
1.028077318409955e-34
7.992101763481053e-35
6.212314149881809e-35
4.828399821362046e-35
3.75241345989838e-35
2.915922788020527e-35
2.2656846301404898e-35
1.7602778650995648e-35
1.367481794632787e-35
1.0622351244693812e-35
8.250471407311017e-36
6.407610285642377e-36
4.9759138758410635e-36
3.863752285385542e-36
2.9998916185707498e-36
2.3289595022295166e-36
1.807917474726759e-36
1.4033169519174445e-36
1.0891649360010326e-36
8.452641479503442e-37
6.5592225698017716e-37
5.089482340360725e-37
3.948720387972947e-37
3.06338004197673e-37
2.3763330028054194e-37
1.8432143457233076e-37
1.4295741966340433e-37
1.1086643172039985e-37
8.597182411399818e-38
6.666150380098623e-38
5.168412335668505e-38
4.0068443555629186e-38
