0.027925531914893616
0.044326241134751775
0.05260970744680851
0.0553800975177305
0.05456802692819149
0.051565616688829786
0.047349321081283244
0.0425837090674867
0.03770505621078167
0.03298637714791805
0.028586652684718997
0.02458724062493507
0.021018253758232644
0.017877296881472812
0.015142515544442738
0.012781492454257418
0.010757164520947162
0.009031634477302779
0.007568514686952649
0.0063342604242163664
0.005298816507098899
0.004435805180394464
0.0037224156839943167
0.003139109291883026
0.002669221489468316
0.002298520545470032
0.0020147655412244402
0.0018072945914412906
0.001666664068795336
0.0015843513291200577
0.0015525263628112487
0.00156389186957181
0.0016115864886244496
0.0016891423628402364
0.00179048588918794
0.0019099693656905432
0.002042421176518205
0.002183202994228355
0.00232826401368102
0.0024741842388411924
0.0026182010960098387
0.0027582159385632697
0.0028927791649057586
0.0030210545594658742
0.0031427649965084887
0.0032581227715266126
0.00336774853691843
0.0034725831413926767
0.00357379665395426
0.003672698556933056
0.0037706525896200327
0.003868999086747419
0.003968986951596861
0.0040717166904081035
0.004178095260116576
0.0042888028799572785
0.0044042714515026855
0.004524673832325545
0.004649922917168142
0.004779679291183427
0.004913366121006643
0.005050189926364884
0.005189165911415005
0.005329146614900718
0.005468852746668525
0.005606905202270511
0.005741857376931783
0.005872227027364591
0.00599652704949992
0.006113294649168698
0.00622111847989989
0.006318663407485887
0.00640469263593087
0.006478086995487465
0.006537861252546879
0.0065831773549072355
0.006613354575883571
0.006627876567876762
0.006626395381032639
0.006608732545646576
0.006574877357836344
0.006524982546197335
0.006459357531995072
0.006378459526148451
0.00628288273201904
0.006173345943177451
0.006050678839282343
0.005915807290677008
0.005769737983130965
0.0056135426684701265
0.005448342334974645
0.005275291573927057
0.005095563396284912
0.0049103347269563195
0.0047207727745228745
0.00452802244243808
0.00433319491470853
0.004137357515776515
0.00394152491163343
0.0037466516878762227
0.0035536263111461044
0.0033632664536852744
0.0031763156370451517
0.0029934411305401402
0.00281523302304408
0.002642204373205288
0.0024747923330600027
0.0023133601332134502
0.0021581998140112833
0.002009535586177007
0.0018675277059295179
0.0017322767532809403
0.0016038282077009693
0.0014821772222692613
0.0013672735054801224
0.0012590262286934337
0.0011573088865431925
0.001061964047151649
0.0009728079385163158
0.0008896348267360924
0.0008122211506548036
0.0007403293858884842
0.000673711618965832
0.0006121128193767583
0.0005552738036449354
0.000502933891095641
0.0004548332557785964
0.0004107149830435997
0.0003703268425847564
0.00033342279240852985
0.0002997642301932088
0.0002691210099462853
0.00024127224279362776
0.00021600690120897578
0.00019312424607618368
0.00017243409572837147
0.000153756955584305
0.00013692402625577023
0.00012177710707942319
0.00010816841097654957
9.596030540441795e-05
8.502499296753352e-05
7.524414403703015e-05
6.650849250619439e-05
5.871740461163963e-05
5.177842958980296e-05
4.56068398305053e-05
4.01251671440598e-05
3.526274078243367e-05
3.0955231953516904e-05
2.7144208742813057e-05
2.3776704609645177e-05
2.080480295429862e-05
1.8185239656386647e-05
1.5879024959939556e-05
1.385108562350795e-05
1.2069927859612039e-05
1.050732125241572e-05
9.138003560730598e-06
7.939406080397864e-06
6.8913990508684565e-06
5.976056440639244e-06
5.177439330537582e-06
4.481397028358289e-06
3.875384988992913e-06
3.3482985772194578e-06
2.8903216922994456e-06
2.4927892713540926e-06
2.148062699359056e-06
1.8494171750127457e-06
1.5909401114890895e-06
1.367439687258949e-06
1.174362703072762e-06
1.0077209454100107e-06
8.640253029954451e-07
7.402269303322993e-07
6.336647997616964e-07
5.420190306298828e-07
4.632694301788586e-07
3.956587253335888e-07
3.3766000731381427e-07
2.8794795170758603e-07
2.4537341514409876e-07
2.0894104589488207e-07
1.777895795678026e-07
1.5117452253385794e-07
1.2845295487434114e-07
1.0907021151431053e-07
9.254822489811107e-08
7.847533515988932e-08
6.649739435413839e-08
5.6310010052953776e-08
4.7651790606372836e-08
4.029846972035211e-08
3.405780185270166e-08
2.8765132377957297e-08
2.4279557640882685e-08
2.0480600013885317e-08
1.7265331999340746e-08
1.4545891371242669e-08
1.2247336423059976e-08
1.0305796665435793e-08
8.666879877315902e-09
7.2843013301139355e-09
6.118705343474001e-09
5.1366531542994964e-09
4.309754443691637e-09
3.6139228199514747e-09
3.0287381456381388e-09
2.5369008642044415e-09
2.123765464138256e-09
1.776941949207972e-09
1.4859556922022217e-09
1.2419573631374143e-09
1.0374757650296907e-09
8.662074020884455e-10
7.228374653074164e-10
6.028876654600823e-10
5.025869880788334e-10
4.1876200200307816e-10
3.487438338664647e-10
2.9028933542245305e-10
2.415143276197898e-10
2.0083711248559707e-10
1.6693070784114387e-10
1.3868248650017045e-10
1.1516009596829945e-10
9.558270120064771e-11
7.92967355290779e-11
6.575546677877295e-11
5.450178974826244e-11
4.51537451316317e-11
3.739234078056326e-11
3.095131580595632e-11
2.5608543015456912e-11
2.1178811962550006e-11
1.7507774639078737e-11
1.4466869602596641e-11
1.1949068973990427e-11
9.865317024964946e-12
8.141549646620882e-12
6.716201403517015e-12
5.538121605939613e-12
4.564833281177634e-12
3.761079437664728e-12
3.0976098881689687e-12
2.5501693804929998e-12
2.0986540896667856e-12
1.726408835743459e-12
1.4196418600839162e-12
1.1669377511944783e-12
9.588522696329686e-13
7.875754741748283e-13
6.466517778683624e-13
5.307474300919625e-13
4.3545748613661925e-13
3.571456372089665e-13
2.9281137163325967e-13
2.399798566174968e-13
1.9661069805745446e-13
1.6102237775137237e-13
1.3182970350923467e-13
1.0789205513892763e-13
8.827058260908755e-14
7.219282394591834e-14
5.902346978998514e-14
4.8240217549907083e-14
3.941383789251632e-14
3.2191725892090276e-14
2.628433353717711e-14
2.145398365572732e-14
1.7505651173170257e-14
1.427936889271404e-14
1.1643974128084023e-14
9.491961567094178e-15
7.735248401954893e-15
6.301691447842461e-15
5.132223866935254e-15
4.178502204888459e-15
3.4009735494337883e-15
2.767288417467258e-15
2.2509980336889124e-15
1.8304854508582538e-15
1.488088869501964e-15
1.2093828675167515e-15
9.825893163416597e-16
7.980947630682941e-16
6.48055181669885e-16
5.260723943833222e-16
4.26929262771719e-16
3.4637305186862614e-16
2.8093826668265146e-16
2.2780181982379834e-16
1.8466467125961722e-16
1.4965513507343887e-16
1.212499139059988e-16
9.8209632786897e-17
7.952622774316026e-17
6.438002352720207e-17
5.2104727672819306e-17
4.2158890214800884e-17
3.410264243146167e-17
2.757874428827545e-17
2.2297147427663888e-17
1.8022425597023833e-17
1.4563543113803595e-17
1.1765529080606514e-17
9.502704483844383e-18
7.673174236714477e-18
6.19434928719998e-18
4.999307258213962e-18
4.03383548573371e-18
3.2540292190537094e-18
2.624341330703385e-18
2.1159991230727026e-18
1.7057195091997668e-18
1.3746666368935725e-18
1.1076064504596246e-18
8.92221177815564e-19
7.185536483606482e-19
5.785569791796298e-19
4.657297513848594e-19
3.7482052844152485e-19
3.015886023838769e-19
2.426103210028998e-19
1.951223546637413e-19
1.5689489125538737e-19
1.2612907187116603e-19
1.0137405519823141e-19
8.145997171271796e-20
6.54437374653795e-20
5.256527229683083e-20
4.221213380329343e-20
3.389095667211315e-20
2.7204393702504774e-20
2.1832503402403767e-20
1.7517730463665312e-20
1.405278856809793e-20
1.127088709702176e-20
9.037850279313581e-21
7.245763883734518e-21
5.80785460911148e-21
4.654363988783685e-21
3.7292244489849934e-21
2.9873822081517304e-21
2.3926416483302043e-21
1.9159299864241116e-21
1.5339006200625541e-21
1.2278093097304597e-21
9.826101055195e-22
7.862282162481534e-22
6.289753223835063e-22
5.030795336913201e-22
4.023075964089867e-22
3.2166131245495453e-22
2.5713364641719386e-22
2.0551282776388185e-22
1.642250375439289e-22
1.312081071279006e-22
1.0481013714080903e-22
8.370813696882562e-23
6.684274501945697e-23
5.336586241190915e-23
4.2598654376762247e-23
3.3997873710815395e-23
2.712886283373623e-23
2.16439144072108e-23
1.7264930478758995e-23
1.3769529087775483e-23
1.0979915196872254e-23
8.75396772095674e-24
6.978102786936907e-24
5.56156037408864e-24
4.4318313475110346e-24
3.5309979745678634e-24
2.8128060170097857e-24
2.2403225990254256e-24
1.7840630158233673e-24
1.420492876771582e-24
1.1308306032065398e-24
9.000902328974152e-25
7.163164510313486e-25
5.699733578501105e-25
4.534561665032273e-25
3.607011791680321e-25
2.868743182807735e-25
2.2812243613539843e-25
1.8137478530842346e-25
1.4418456089121802e-25
1.1460244885779527e-25
9.107573368153637e-26
7.236781317653875e-26
5.749400409631531e-26
4.5670350043499483e-26
3.627280519441341e-26
2.880469642988241e-26
2.287078927588225e-26
1.8156620878202018e-26
1.441203309892894e-26
1.1438054359444106e-26
9.076450969890763e-27
7.201406101218332e-27
5.7128942484121075e-27
4.531406579871701e-27
3.5937524266527646e-27
2.849717900085652e-27
2.2594070847675354e-27
1.7911267112950565e-27
1.4197034867647861e-27
1.1251458025279854e-27
8.915795069726263e-28
7.064017515430343e-28
5.596083294265938e-28
4.432590177865759e-28
3.5105267646604086e-28
2.7798962396479565e-28
2.2010340450830167e-28
1.7424771688475063e-28
1.3792718674986251e-28
1.0916298102681957e-28
8.638610680244788e-29
6.835270412901373e-29
5.407680918460896e-29
4.2776992509151225e-29
3.383401525487702e-29
2.675723338313367e-29
2.1157946409579306e-29
1.672825825332277e-29
1.3224312567772264e-29
1.045299921027238e-29
8.261414647794933e-30
6.528506965798452e-30
5.1584535972608984e-30
4.0754131626699466e-30
3.2193668746239956e-30
2.5428237605851903e-30
2.0082106326097684e-30
1.5858047781830706e-30
1.2520967440717775e-30
9.884939106875847e-31
7.802940593314343e-31
6.1587281303484234e-31
4.860404730948337e-31
3.8353300484676924e-31
3.0260924556356794e-31
2.387322098425328e-31
1.8831696714331488e-31
1.4853121124267072e-31
1.1713752983066784e-31
9.236867103274411e-32
7.282891664128904e-32
5.74161079020584e-32
4.5260007036686826e-32
3.567357830917216e-32
2.8114485530330163e-32
2.2154667414876085e-32
1.7456299053605138e-32
1.3752801418940294e-32
1.0833840684200697e-32
8.533480573798744e-33
6.720826146940058e-33
5.292635993792483e-33
4.167489426339741e-33
3.28118192260532e-33
2.5830906195779658e-33
2.033305836320297e-33
1.600367443693275e-33
1.2594787544590915e-33
9.91097365423404e-34
7.798235277300356e-34
6.135233279565138e-34
4.826371610711515e-34
3.7963440196718186e-34
2.98583416668161e-34
2.3481255716707865e-34
1.8464291868809764e-34
1.4517769225080936e-34
1.1413614584861586e-34
8.972279377128229e-35
7.052430740037548e-35
5.542829420672299e-35
4.355931317658491e-35
3.422847438475829e-35
2.689374312093538e-35
2.1128678452173458e-35
1.6597816787080448e-35
1.3037290069123494e-35
1.0239567115938492e-35
8.04144226844964e-36
6.314581278007375e-36
4.9580807843180456e-36
3.89261313964789e-36
3.0558192776537596e-36
2.3986839845130544e-36
1.8826843883262922e-36
1.4775469596676768e-36
1.1594833504206994e-36
9.098029913241111e-37
7.138220989624305e-37
5.600058541630006e-37
4.392939862699338e-37
3.4457060419761406e-37
2.7024746431948345e-37
2.11936436824295e-37
1.6619210406545666e-37
1.3030949432806416e-37
1.021651568072945e-37
8.009230308574589e-38
6.278272242439081e-38
4.920973723246011e-38
3.856769129385595e-38
3.0224427658629504e-38
2.3683971408642064e-38
1.8557228734380626e-38
1.4538982506824562e-38
1.1389833013798187e-38
8.922022170018414e-39
6.988307151953633e-39
5.473228305323724e-39
4.2862567483762315e-39
3.3564175457610144e-39
2.6280711024180827e-39
2.0576035931819058e-39
1.6108307869920023e-39
1.2609616774973822e-39
9.8700135703374e-40
7.72498503937832e-40
6.045632150322143e-40
4.730969011507292e-40
3.701885129593028e-40
2.8964121491876325e-40
2.266013566902054e-40
1.7726765890404729e-40
1.3866329162010473e-40
1.084572598380798e-40
8.482444162093685e-41
6.633592392985906e-41
5.187308509520192e-41
4.056028769234377e-41
3.171215523290928e-41
2.4792276277903283e-41
1.9380861936506743e-41
1.5149417730346757e-41
1.1840910255717664e-41
9.254237897035404e-42
7.232072594083055e-42
5.651341686295238e-42
4.4157771848702975e-42
3.450083896659182e-42
2.6953750450715243e-42
2.1056002071566044e-42
1.6447500639260085e-42
1.2846692110777337e-42
1.0033448969334442e-42
7.835682362892468e-43
6.118869117068294e-43
4.777859644797897e-43
3.7304705167712195e-43
2.91247330423456e-43
2.273675739952924e-43
1.7748573413757734e-43
1.3853733798408714e-43
1.0812815767001093e-43
8.438776018528251e-44
6.585502535996764e-44
5.13886607659891e-44
4.009726096339777e-44
3.128464667846231e-44
2.440714901825835e-44
1.9040230945008098e-44
1.4852406978329202e-44
1.1584866924223842e-44
9.035557315653209e-45
7.046746296733665e-45
5.4953104067896255e-45
4.2851480444533905e-45
3.341254426480746e-45
2.6050945106524492e-45
2.0309898147222998e-45
1.5832971736540727e-45
1.2342060208240203e-45
9.620187159384539e-46
7.498080882112766e-46
5.8436952818383456e-46
4.5540306086436416e-46
3.5487497323873456e-46
2.7651961576398223e-46
2.1545062644405288e-46
1.6785756609151632e-46
1.3076921751685837e-46
1.0186891252455723e-46
7.93504610304489e-47
6.180576349579454e-47
4.813714523399611e-47
3.74889793314127e-47
2.919435794748875e-47
2.273350306044411e-47
1.7701334666323339e-47
1.3782181822956862e-47
1.0730064745960748e-47
8.353321734968815e-48
6.502624370652984e-48
5.0616348359780454e-48
3.9397233847840933e-48
3.066292061158907e-48
2.386350690543519e-48
1.8570691050757975e-48
1.445090360522199e-48
1.1244371190381523e-48
8.748803522267117e-49
6.80668357634656e-49
5.2953656983486374e-49
4.1193618186300546e-49
3.2043326414346582e-49
2.49240726569127e-49
1.9385377848451497e-49
1.5076601839738741e-49
1.172483338979372e-49
9.117672724272427e-50
7.089824882120651e-50
5.512661066918156e-50
4.2860914568197605e-50
3.332238043602088e-50
2.5905091389005287e-50
2.0137652764353671e-50
1.5653348657775568e-50
1.2166914131079131e-50
9.456457666628054e-51
7.349392794054369e-51
5.711490430663256e-51
4.4383602120909183e-51
3.448822295397077e-51
2.679750416454505e-51
2.0820598750286407e-51
1.6175864453260157e-51
1.2566585172473609e-51
9.762086083949102e-52
7.583045096989159e-52
5.890068884507813e-52
4.574808460241871e-52
3.553050176156146e-52
2.759343233350948e-52
2.1428222455014694e-52
1.66395922102462e-52
1.2920383312749054e-52
1.0031927379314711e-52
7.788784676836255e-53
6.0468810694958115e-53
4.694287032559589e-53
3.6440507249760256e-53
2.8286278835737045e-53
2.1955530105819826e-53
1.7040754271942886e-53
1.3225452805503056e-53
1.0263824268947568e-53
7.964983094655749e-54
6.180698706217745e-54
4.795870233808422e-54
3.721126888016705e-54
2.887079954939361e-54
2.239858015903664e-54
1.7376391099525142e-54
1.3479573815866304e-54
1.045611361394085e-54
8.110395786928515e-55
6.2905916456706755e-55
4.8788638435189475e-55
3.783761284857813e-55
2.9343144626628096e-55
2.275451274844364e-55
1.764438210011541e-55
1.3681177024797186e-55
1.0607636553946956e-55
8.224169006647864e-56
6.375932545933255e-56
4.942808199502413e-56
3.831618181976343e-56
2.9700870586009337e-56
2.30215565945158e-56
1.7843449088473692e-56
1.3829344857143657e-56
1.0717738341340407e-56
8.305838836506856e-57
6.436395448467848e-57
4.9874765888008666e-57
3.8645418577832587e-57
2.994292466623238e-57
2.3199014597531533e-57
1.7973143373538125e-57
1.392380013447205e-57
1.0786258521519557e-57
8.355322793469116e-58
6.471948670792022e-58
5.012869279853358e-58
3.882551626053452e-58
3.0069603570900505e-58
2.328722981176759e-58
1.8033817820313597e-58
1.3964883225780168e-58
1.0813512310997394e-58
8.372904699726918e-59
6.482842549940068e-59
5.019203618528499e-59
3.8858338516762383e-59
3.0082489239849285e-59
2.328753387888396e-59
1.8026585524331733e-59
1.3953518984864433e-59
1.0800264186887002e-59
8.359213616680685e-60
6.46959266230532e-60
5.006900678958646e-60
3.8747313437055207e-60
2.998436466407259e-60
2.3202180283450708e-60
1.7953266948057325e-60
1.3891174920942934e-60
1.0747694818686947e-60
8.315197725497974e-61
6.4329592098245e-61
4.976569007658554e-61
3.8497305457689196e-61
2.9779113019262532e-61
2.3034264982656847e-61
1.7816327507111303e-61
1.3779812150128755e-61
1.0657362546665048e-61
8.242094091002844e-62
6.373923300818654e-62
4.928986026936283e-62
3.8114469635106372e-62
2.9471603532063366e-62
2.278763706025243e-62
1.76188076623335e-62
1.3621830722383903e-62
1.053116064310298e-62
8.141395266957446e-63
6.293660867675405e-63
4.865077672353057e-63
3.76060927400484e-63
2.906756752206811e-63
2.246680206807196e-63
1.7364247577283842e-63
1.3420010916032045e-63
1.0371271586692775e-63
8.014813693138146e-64
6.193514955302508e-64
4.785896830792897e-64
3.698042554356851e-64
2.857346799255523e-64
2.2076820656441948e-64
1.705660834663046e-64
1.3177452045448105e-64
1.018011954090089e-64
7.864244801360969e-65
6.074967086533605e-65
4.692601122700661e-65
3.624651047747677e-65
2.7996365987294146e-65
2.1623204967466853e-65
1.6700191697290514e-65
1.2897510243498545e-65
9.960322159173774e-66
7.691729692836802e-66
5.939608366578485e-66
4.58643053666011e-66
3.5414008568215074e-66
2.7343786703969127e-66
2.1111815084389714e-66
1.629955992010176e-66
1.2583736565664338e-66
9.71464274874312e-67
7.499418176965204e-67
5.7891109313597896e-67
4.46868537917404e-67
3.4493029185131746e-67
2.662358807226542e-67
2.054875760716321e-67
1.585945761409364e-67
1.2239816624485592e-67
9.445943716072789e-68
7.289532876192794e-68
5.6252002774723235e-68
4.3407049498503575e-68
3.3493965731188e-68
2.5843834180931464e-68
1.9940288171109485e-68
1.5384736627207695e-68
1.1869512807946118e-68
9.157142095788691e-69
7.06433500696143e-69
5.449628937622599e-69
4.2038472945800465e-69
3.2427339954886217e-69
2.501267558821665e-69
1.9292719452859223e-69
1.4880285365041835e-69
1.1476609970232003e-69
8.851167836510173e-70
6.826092346884471e-70
5.264151887815973e-70
4.0594703290071984e-70
3.13036570942022e-70
2.4138238186697028e-70
1.861233592591256e-70
1.4350963420680613e-70
1.1064865313952397e-70
8.530925385736792e-71
6.577049796654102e-71
5.070503993866988e-71
3.908914563696539e-71
3.0133273592098498e-71
2.322852192926041e-71
1.790531634661042e-71
1.3801542260995355e-71
1.06379630147013e-71
8.199258986078518e-72
6.319402844908068e-72
4.870379727394137e-72
3.7534876026882925e-72
2.89262786627284e-72
2.2291310367842983e-72
1.7177664677442826e-72
1.3236652493884592e-72
1.0199473976421812e-72
7.858921970039561e-73
6.055274147988243e-73
4.665415307399256e-73
3.594450530129796e-73
2.7692390548989448e-73
2.1334091619543487e-73
1.6435149895730223e-73
1.2660738041916021e-73
9.752820953126737e-74
7.512550223118404e-74
5.786693346404914e-74
4.457173354327203e-74
3.433006246601856e-74
2.644086790507864e-74
2.0363991062561373e-74
1.5683254896386131e-74
1.2078017364494888e-74
9.30124913211529e-75
7.162639877517828e-75
5.51558015749756e-75
4.247130080524321e-75
3.270289768570312e-75
2.518043636917839e-75
1.9387715782704536e-75
1.4927134482145295e-75
1.1492451706117433e-75
8.847802148137554e-76
6.811529202732157e-76
5.24373071050839e-76
4.0366649851047037e-76
3.107360461732981e-76
2.3919230066019472e-76
1.8411510543210882e-76
1.417158224566077e-76
1.0907720204388948e-76
8.395303388337758e-77
6.461384575857689e-77
4.972807026823675e-77
3.827052972936562e-77
2.945196142330298e-77
2.2664747500208762e-77
1.744112483864026e-77
1.342100598693587e-77
1.0327201569200704e-77
7.946342355103082e-78
6.114190344172336e-78
4.704329494801518e-78
3.6194587770807456e-78
2.7846889498837976e-78
2.142382106946973e-78
1.648179041842721e-78
1.2679411177010217e-78
9.753961944386823e-79
7.503265778279265e-79
5.771742335378017e-79
4.439672145524233e-79
3.414933531489735e-79
2.6266428703366414e-79
2.020259924250354e-79
1.553820852668547e-79
1.1950391874339038e-79
9.190748484581118e-80
7.068173109215724e-80
5.435644726638395e-80
4.180060502591141e-80
3.2144133159160487e-80
2.4717727699402537e-80
1.900654030689089e-80
1.461454600094646e-80
1.1237128422708093e-80
8.639988122186071e-81
6.642915986040805e-81
5.107309951527634e-81
3.9265717553102322e-81
3.0187194773376074e-81
2.3207047871878757e-81
1.7840416495980579e-81
1.3714439301220557e-81
1.0542391207054043e-81
8.103790960795513e-82
6.229101231313669e-82
4.787961303320463e-82
3.6801369895502074e-82
2.828560521247945e-82
2.173977922140037e-82
1.6708327246356818e-82
1.2841005499621695e-82
9.868549714112825e-83
7.583957710452331e-83
5.8280969283596184e-83
4.478637882677194e-83
3.441545203310541e-83
2.6445353612061384e-83
2.032046659144799e-83
1.561372031518752e-83
1.1996859246274269e-83
9.217586135765972e-84
7.0819905747838705e-84
5.441041119737174e-84
4.180201536483787e-84
3.2114488338009476e-84
2.4671377153749228e-84
1.8952844596301773e-84
1.4559419495278364e-84
1.1184134736349759e-84
8.591112761765157e-85
6.599107008253289e-85
5.0688526786683226e-85
3.893345441168852e-85
2.9903705284882765e-85
2.296761443657448e-85
1.7639879657736666e-85
1.354765770017916e-85
1.0404511731707789e-85
7.990392432357128e-86
6.1362557813914025e-86
4.712243920367608e-86
3.618603996905005e-86
2.77871090323781e-86
2.1337066276537652e-86
1.6383817628163626e-86
1.2580114247869876e-86
9.659244735863768e-87
7.416361357455731e-87
5.694134820794085e-87
4.371734543271419e-87
3.3563637175434974e-87
2.5767570453237504e-87
1.9781862073103948e-87
1.5186235570308245e-87
1.1657955244709527e-87
8.949194478859933e-88
6.869653654862299e-88
5.27321032685727e-88
4.047666518738651e-88
3.106874823604053e-88
2.384691536793767e-88
1.8303330020794758e-88
1.4048096373144157e-88
1.0781876057478699e-88
8.274860936235046e-89
6.350627013017081e-89
4.873736713754426e-89
3.7402195803212175e-89
2.8702632711274753e-89
2.2026017936133674e-89
1.690206959978818e-89
1.2969805005473354e-89
9.952144956413163e-90
7.636417180495125e-90
5.859388941655832e-90
4.4957769613352765e-90
3.4494269988977362e-90
2.646542976618853e-90
2.0304895373573126e-90
1.5578024945614188e-90
1.1951265337882946e-90
9.168647112622073e-91
7.033743441634804e-91
5.395823134506629e-91
4.139223015772071e-91
3.175191366608313e-91
2.4356280267321806e-91
1.8682802382756585e-91
1.433055786922084e-91
1.0991936596517282e-91
8.43092823623096e-92
6.466460833017913e-92
4.959615529913066e-92
3.803815923645396e-92
2.9173001495342048e-92
2.2373446900181466e-92
1.7158323907509287e-92
1.3158519470233953e-92
