0.056699481622583765
0.08635150907160478
0.0986433335024826
0.10017488650735411
0.09538219630470679
0.08719536399192085
0.0775053706096314
0.06749360180100655
0.0578631082793348
0.04899979062817908
0.04108382178005107
0.03416590407898822
0.02821881663915897
0.023171715332533163
0.018932489388052406
0.015401926639490731
0.012482327027856423
0.010082409391916274
0.00811979132703373
0.006521921630855088
0.005226062939050923
0.004178724833969289
0.0033348106204315895
0.0026566465664386884
0.002112998113061384
0.0016781343616060018
0.0013309736303482424
0.0010543244842762937
0.0008342251664542944
0.0006593775427460195
0.0005206679419819716
0.0004107655444836396
0.0003237885005430067
0.00025502824470350184
0.00020072317768002142
0.00015787379810196754
0.00012409234329010323
9.748095848232202e-05
7.653330985279583e-05
6.005536447866382e-05
4.710177127669165e-05
3.692489127327634e-05
2.8934049092746288e-05
2.266301871477992e-05
1.7744124963380513e-05
1.3887647513219939e-05
1.0865465648237557e-05
8.498087954245706e-06
6.6443790270121165e-06
5.193431595811769e-06
4.058142748129348e-06
3.1701418819842694e-06
2.475789538859466e-06
1.9330236470834394e-06
1.5088756284134067e-06
1.1775155006331813e-06
9.187143529919086e-07
7.166358471198824e-07
5.588868935936539e-07
4.3577233388075114e-07
3.397100918814433e-07
2.6477246970655197e-07
2.0632654559173577e-07
1.6075238548643395e-07
1.2522232087009324e-07
9.752812618982293e-08
7.594575076098728e-08
5.912948139468129e-08
4.60291598133676e-08
3.582545316009832e-08
2.787925579280118e-08
2.1692148643463366e-08
1.6875508112178996e-08
1.3126378727246778e-08
1.0208633343709151e-08
7.938265658060148e-09
6.171911323080436e-09
4.7978909215001605e-09
3.72922226660677e-09
2.898170183625729e-09
2.2519963445815676e-09
1.749645573392347e-09
1.3591627741683199e-09
1.0556797639459605e-09
8.198465552128152e-10
6.366091821154693e-10
4.942576800672012e-10
3.836846284402697e-10
2.9780778071697913e-10
2.311205420334676e-10
1.7934204075075555e-10
1.3914477136988923e-10
1.0794264584425003e-10
8.372608004913352e-11
6.493369688303843e-11
5.035253074076065e-11
3.9040413218310827e-11
3.026561874954994e-11
2.3459938717303322e-11
1.8182201548962042e-11
1.4089917517745426e-11
1.09172418732891e-11
8.457850823804422e-12
6.551636981376468e-12
5.0743737975177704e-12
3.929687560463626e-12
3.042822624150245e-12
2.3557999808988654e-12
1.82365831248703e-12
1.4115358932798386e-12
1.09240556298478e-12
8.453168526644428e-13
6.540318955510182e-13
5.059670543046538e-13
3.9137185991097365e-13
3.0269213785561624e-13
2.34076070073584e-13
1.8099116489545887e-13
1.3992727199047124e-13
1.0816634394183086e-13
8.360396733442712e-14
6.461104147265996e-14
4.992658766343685e-14
3.857469394644489e-14
2.9800169451660757e-14
2.301870037239021e-14
1.7778244459802367e-14
1.372913402436928e-14
1.0600926080289663e-14
8.184479315505056e-15
6.318079598088668e-15
4.876700934361001e-15
3.76369440292792e-15
2.904356971689992e-15
2.2409556389835078e-15
1.7288780743120115e-15
1.3336551155552833e-15
1.0286579521534376e-15
7.933173452339065e-16
6.117467197437116e-16
4.716776698277011e-16
3.636370984157122e-16
2.8031122301085413e-16
2.1605407446481109e-16
1.6650770945849305e-16
1.2830878247945e-16
9.886186879863181e-17
7.616437557497004e-17
5.867131744014045e-17
4.519089324803449e-17
3.48038582195163e-17
2.6801276857839247e-17
2.0636472312479746e-17
1.5887939037719684e-17
1.2230720862218161e-17
9.414324890313567e-18
7.24568084991821e-18
5.57599487765612e-18
4.290608938369772e-18
3.3011796375967655e-18
2.539646648285477e-18
1.9535818129611688e-18
1.5026032988581883e-18
1.1556112356470394e-18
8.886568922411504e-19
6.833003894872905e-19
5.253450888564995e-19
4.038623753134994e-19
3.104402899969798e-19
2.3860469687750615e-19
1.8337341578565349e-19
1.409128164428128e-19
1.0827335759762069e-19
8.318594552906475e-20
6.390514247855052e-20
4.9088460068879546e-20
3.770344314101218e-20
2.8956153635160005e-20
2.2236131759148984e-20
1.7074042678468722e-20
1.3109088446958867e-20
1.0063936333779553e-20
7.725431957397933e-21
5.929764067518075e-21
4.551054682473874e-21
3.492584610177399e-21
2.6800463502477535e-21
2.056356480030283e-21
1.577667485473095e-21
1.2103020234648648e-21
9.28396504546441e-22
7.120900636756082e-22
5.461328301114018e-22
4.1881652496365904e-22
3.2115281633066295e-22
2.462420942515054e-22
1.8878858246654245e-22
1.447278980884378e-22
1.1094100972355756e-22
