0.034093496575762355
0.05465178524512637
0.06585356074737708
0.07069607441477065
0.07131659689974033
0.06922775946598368
0.06548981156011012
0.06083661753692047
0.0557677018908226
0.050615366961002946
0.04559350969716537
0.04083301019686745
0.03640727843917859
0.032350600147617724
0.028671226394142123
0.025360637984666503
0.022400036519273622
0.01976483399991716
0.01742770608440064
0.015360621512330882
0.013536147796058677
0.011928250569397983
0.010512743300460673
0.009267499668589725
0.008172508523371806
0.007209827818488104
0.00636347690154245
0.005619294299748736
0.0049647793867549595
0.004388930096613635
0.0038820844707663765
0.003435770769630543
0.0030425687787434944
0.0026959835170020487
0.0023903316151501026
0.0021206400315843662
0.0018825564089033683
0.0016722701731363573
0.0014864433867662875
0.0013221503487664146
0.0011768249637246465
0.0010482149594691441
0.0009343421055461188
0.0008334676651440694
0.0007440623943202338
0.0006647804815210345
0.0005944368945875259
0.0005319876707923004
0.00047651274716462353
0.00042720098337449374
0.00038333707795220977
0.00034429012100129923
0.000309503563286667
0.0002784864132354283
0.0002508055005033032
0.00022607866791812435
0.0002039687732887063
0.00018417839929411533
0.00016644518383333488
0.00015053769521195453
0.000136251786725276
0.00012340737382050975
0.00011184558436462651
0.00010142623880201255
9.202562232907461e-05
8.353451581104557e-05
7.585645611604543e-05
6.890619996499039e-05
6.260836836969593e-05
5.6896251319475226e-05
5.1710754651651585e-05
4.6999473033389045e-05
4.271587474301715e-05
3.881858549673706e-05
3.5270759948311615e-05
3.2039530717413094e-05
2.9095525899680312e-05
2.641244699067064e-05
2.3966700030751696e-05
2.1737073564429514e-05
1.9704457711235378e-05
1.7851599277584536e-05
1.6162888407368608e-05
1.4624172778373454e-05
1.3222595811497788e-05
1.1946455769992484e-05
1.0785082996766727e-05
9.728732868343164e-06
8.768492341647355e-06
7.896198234419885e-06
7.104365617801547e-06
6.386124909920331e-06
5.735166447304661e-06
5.14569147656775e-06
4.612368655773318e-06
4.13029528390308e-06
3.6949625899822934e-06
3.3022245123315832e-06
2.94826948458676e-06
2.629594819367655e-06
2.342983344848083e-06
2.085482004384104e-06
1.8543821763875185e-06
1.6472015112754267e-06
1.4616671159768257e-06
1.2956999444515502e-06
1.1474002760490739e-06
1.015034182828465e-06
8.970209027246984e-07
7.919210482986838e-07
6.984255912034848e-07
6.153455707292238e-07
5.416024814285764e-07
4.762192999371499e-07
4.183121151765028e-07
3.6708232925431625e-07
3.2180939878599007e-07
2.8184408824411526e-07
2.466022084068713e-07
2.1555881412566056e-07
1.8824283657184368e-07
1.642321259382016e-07
1.431488812621368e-07
1.2465544471075236e-07
1.084504383108272e-07
9.426522176155908e-08
8.186065063068891e-08
7.102411493808273e-08
6.156683885417225e-08
5.3321422999473586e-08
4.6139611616606746e-08
3.989026769556436e-08
3.44575399588847e-08
2.9739206453238015e-08
2.5645180336453577e-08
2.2096164291749766e-08
1.9022440836220454e-08
1.6362786612237155e-08
1.4063499553798467e-08
1.2077528600907683e-08
1.0363696389953756e-08
8.886006071994665e-09
7.613024104190058e-09
6.51733151815261e-09
5.575036792782156e-09
4.765344046986071e-09
4.070170819338322e-09
3.4738102176542433e-09
2.9626327019528905e-09
2.5248232101468175e-09
2.150149748283537e-09
1.829759947507064e-09
1.556002439351448e-09
1.3222702213592184e-09
1.122863477659788e-09
9.5286958590664e-10
8.080582843677961e-10
6.847901928025207e-10
5.799370795192459e-10
4.908124463617901e-10
4.1511116489560624e-10
3.50857042062329e-10
2.963573236360926e-10
2.501632601244349e-10
2.1103596359061118e-10
1.77916876433571e-10
1.4990225545236503e-10
1.26221147600818e-10
1.0621639859830562e-10
8.932829286312806e-11
7.50804738404164e-11
6.30678384307995e-11
5.294613851942489e-11
4.44230571518593e-11
3.725055722391908e-11
3.121832713524433e-11
2.6148171116905765e-11
2.188921227811318e-11
1.831379416546327e-11
1.531398209902009e-11
1.2798579017614444e-11
1.0690582276974496e-11
8.925018012334463e-12
7.447098497772594e-12
6.210655574087245e-12
5.176809828570421e-12
4.31284092343445e-12
3.5912294025139003e-12
2.9888445594457844e-12
2.486256614995359e-12
2.0671546041033796e-12
1.7178540839688184e-12
1.4268811018992811e-12
1.1846208585004102e-12
9.830212131179595e-13
8.153426436151813e-13
6.75947525881884e-13
5.601226695909076e-13
4.639299611264925e-13
3.8408074470079786e-13
3.178302375074866e-13
2.628888408325354e-13
2.1734769070000566e-13
1.7961620103867452e-13
1.483697000876252e-13
1.2250555586700476e-13
1.0110643678607796e-13
8.340956547480977e-14
6.878100343625381e-14
5.6694155966689836e-14
4.6711815156370494e-14
3.8471167208596814e-14
3.1671281833799574e-14
2.6062678664596634e-14
2.1438630693737333e-14
1.7627919531205424e-14
1.4488803390878437e-14
1.1903997503821786e-14
9.776499252838154e-15
8.02611770291611e-15
6.5865901833174666e-15
5.4031878535086905e-15
4.430728343897321e-15
3.631927098579257e-15
2.9760303799982277e-15
2.4376823767252583e-15
1.9959867836864327e-15
1.6337298489806584e-15
1.3367374141505914e-15
1.0933430926164208e-15
8.939485828876014e-16
7.30660324434251e-16
5.969893796440135e-16
4.876036532609242e-16
3.9812341494958294e-16
3.249526329243643e-16
2.6513990878641197e-16
2.16263869028589e-16
1.76338753378068e-16
1.4373667442962322e-16
1.171236321680789e-16
9.540687203395586e-17
7.769159373159699e-17
6.324536465551661e-17
5.1468878809731105e-17
4.187193958233285e-17
3.405374114581683e-17
2.7686685619283524e-17
2.2503107283923516e-17
1.8284385934681496e-17
1.485202290945912e-17
1.2060328796648855e-17
9.790434054826266e-18
7.945385078871697e-18
6.446130516435434e-18
5.228237451496478e-18
4.239205730795341e-18
3.436272291278189e-18
2.7846167435711408e-18
2.255895413611413e-18
1.8270441500632486e-18
1.4793009707208877e-18
1.1974084609252867e-18
9.689630924839176e-19
7.8388458428854e-19
6.339833076656498e-19
5.126077414979053e-19
4.1435726161737415e-19
3.348482352477526e-19
2.7052359082138173e-19
2.18497833798659e-19
1.7643095207795337e-19
1.4242585926531015e-19
1.1494500896316784e-19
9.274261814115805e-20
7.480959521009167e-20
6.032880541782825e-20
4.8638744558493845e-20
3.9204049725878877e-20
3.159156767013217e-20
2.5450939296154196e-20
2.0498852839402553e-20
1.6506276343572723e-20
1.328810884741947e-20
1.0694794560893304e-20
8.605529684513462e-21
6.922761002223235e-21
5.567731898225564e-21
4.47687741359651e-21
3.5989073273998224e-21
2.8924466174470473e-21
2.3241273304918642e-21
1.867045932307015e-21
1.4995164798268381e-21
1.2040631650207666e-21
9.66606497096731e-22
7.758060829301869e-22
6.225300152703727e-22
4.994265932595958e-22
4.005787314335529e-22
3.2122516587320133e-22
2.57535605505017e-22
2.064294375267749e-22
1.654295880268142e-22
1.3254475093597362e-22
1.061745026211633e-22
8.503287420581975e-23
6.808680652810663e-23
5.450660200026817e-23
4.3626044686983155e-23
3.4910309942774004e-23
2.7930148405448515e-23
2.2341122601522298e-23
1.786691130095548e-23
1.4285887915689223e-23
1.142033345565784e-23
9.127768941308644e-24
7.29399246787706e-24
5.8274869681705725e-24
4.654929879979173e-24
3.717588423659135e-24
2.9684264837837024e-24
2.369783143368892e-24
1.8915103363336355e-24
1.5094791516381045e-24
1.2043820802813371e-24
9.607727823041472e-25
7.6629644103133485e-25
6.110730109593685e-25
4.87203093087758e-25
3.8837214096384553e-25
3.0953349728829306e-25
2.4665461415328775e-25
1.9651390465606016e-25
1.5653815850138782e-25
1.2467244897192223e-25
9.927605960077422e-26
7.903924348340496e-26
6.291665868752773e-26
5.0074149733182655e-26
3.984620785557203e-26
3.170197406382086e-26
2.5218074845178626e-26
2.005692159392425e-26
1.5949378219014702e-26
1.2680920349673918e-26
1.0080584904641958e-26
8.01214917803237e-27
6.367090968517337e-27
5.058971209688198e-27
4.0189525151251564e-27
3.1922246127356234e-27
2.5351536794191046e-27
2.0130093988841997e-27
1.5981529949004354e-27
1.2685930150631295e-27
1.0068344380340327e-27
7.989616961991452e-28
6.339082030722467e-28
5.028745565461483e-28
3.9886524011561153e-28
3.163197523368107e-28
2.5081897022320154e-28
1.9885144302508356e-28
1.5762741719732536e-28
1.2493086978015966e-28
9.900180255338335e-29
7.844262434776145e-29
6.214370462308603e-29
4.9224182396760675e-29
3.898491236292198e-29
3.0871065720069193e-29
2.4442409662117636e-29
1.9349692886161905e-29
1.53158857362478e-29
1.2121279412166348e-29
9.591652325981967e-30
7.588873791568454e-30
6.003444238879249e-30
4.7485737940725795e-30
3.7554827296988895e-30
2.969672245299641e-30
2.3479656969532937e-30
1.8561614699593453e-30
1.4671713442770108e-30
1.1595441592366142e-30
9.162952130058404e-31
7.239782241801549e-31
5.71949705799933e-31
4.51785946754541e-31
3.5682101138790346e-31
2.8178069217872613e-31
2.2249253016227917e-31
1.7565612961001898e-31
1.3866125704236092e-31
1.0944380451541063e-31
8.63717520332442e-32
6.815489413786374e-32
5.377338879318761e-32
