0.04757343926820068
0.07413181346661638
0.08668880110099962
0.09016407520894239
0.08797246759588068
0.08245340935107404
0.07518281940242921
0.06719871495454457
0.059163679810390536
0.05148126477230184
0.044378889639595236
0.0379664764954926
0.03227757341077362
0.027297904291042657
0.02298493793482605
0.019281083052734176
0.016122393254326347
0.013444137808278571
0.011184209063527184
0.009285057797936029
0.007694645342291305
0.006366755373548879
0.005260903505611404
0.004342007997745728
0.003579931811472104
0.002948968845974385
0.0024273210678716186
0.0019965952165586346
0.0016413354848173482
0.0013486003614696885
0.0011075864641581319
0.0009092988154333536
0.0007462650013923269
0.0006122895578908697
0.000502244443728215
0.00041189136567117287
0.00033773186665715785
0.00027688137356636337
0.00022696375606743043
0.0001860233283652745
0.00015245160301853998
0.00012492646327743023
0.00010236174844191297
8.3865541305366e-05
6.870570690711485e-05
5.6281458682868595e-05
4.6099923929296616e-05
3.775684815660151e-05
3.0920720477819524e-05
2.5319722748556237e-05
2.073100664618617e-05
1.697188793842367e-05
1.389261825507631e-05
1.1370453868716322e-05
9.304790169773602e-06
7.613171293598722e-06
6.22801809453946e-06
5.0939455332437544e-06
4.165563534912709e-06
3.4056743202718343e-06
2.7837948030228396e-06
2.274945469192435e-06
1.858657689180597e-06
1.5181600647876541e-06
1.239711513619614e-06
1.012054618007907e-06
8.259675420872321e-07
6.738967365550488e-07
5.496558601551374e-07
4.4817897721778776e-07
3.653182457933203e-07
2.9767807685735554e-07
2.424791919198104e-07
1.9744719186453933e-07
1.6072122120373102e-07
1.3077910785592452e-07
1.0637601082953115e-07
8.649414274093227e-08
7.030157223982303e-08
5.711847056194748e-08
4.638946086081182e-08
3.766097036722473e-08
3.0562683361704736e-08
2.479235526266913e-08
2.010338124629419e-08
1.6294621990308077e-08
1.3202078678349006e-08
1.0692082850013476e-08
8.655726925928215e-09
7.0043106539726614e-09
5.665619254529115e-09
4.5808822878345095e-09
3.7022895322554256e-09
2.990962522658829e-09
2.415298733742326e-09
1.9496204266599698e-09
1.5730725017103709e-09
1.268723801414585e-09
1.022834586857246e-09
8.242596928882614e-10
6.639624240472399e-10
5.346188033440827e-10
4.302955115976053e-10
3.4618790445969337e-10
2.7840698957709885e-10
2.2380628755741627e-10
1.798411696617673e-10
1.4445462974160982e-10
1.1598456307438157e-10
9.30885357367852e-11
7.46827720412529e-11
5.989269480266217e-11
4.8012848678047386e-11
3.8474440951079255e-11
3.081906362006491e-11
2.4677429159244748e-11
1.9752171058009804e-11
1.5803938344378668e-11
1.2640158256115269e-11
1.0105959148761718e-11
8.076841623600226e-12
6.452763800109457e-12
5.153369979102843e-12
4.114143363048252e-12
3.2833052368455028e-12
2.6193168729492476e-12
2.0888678833259527e-12
1.6652569968155406e-12
1.3270892717515365e-12
1.0572283549674498e-12
8.419542167265793e-13
6.702863525785232e-13
5.334401749157432e-13
4.243905664511614e-13
3.3752161671997906e-13
2.683456397955066e-13
2.1327786220768574e-13
1.6945582502282701e-13
1.3459468500316495e-13
1.068713254806055e-13
8.483157792979231e-14
6.73159748960868e-14
5.340035620968751e-14
4.2348375565789065e-14
3.357353774923431e-14
2.6608865592675268e-14
2.1082672462956735e-14
1.6699218631107985e-14
1.3223272783967048e-14
1.0467794863466458e-14
8.284112778279868e-15
6.5540909027524286e-15
5.1838887583525864e-15
4.098988770920274e-15
3.24023646129668e-15
2.5606880285056893e-15
2.023101574581501e-15
1.5979412449516208e-15
1.2617899624176066e-15
9.960875347673999e-16
7.861277744848173e-16
6.202617315564015e-16
4.892648873911257e-16
3.858347335099059e-16
3.041919992498426e-16
2.397642472176667e-16
1.8893490284762236e-16
1.488442485588539e-16
1.1723167216006875e-16
9.231065602234e-17
7.266974208370262e-17
5.719409896527003e-17
4.500342401021318e-17
3.540279284652621e-17
2.78437683500608e-17
2.189363649234172e-17
1.7211077867047005e-17
1.3526934097739273e-17
1.0629006465942903e-17
8.350044802219013e-18
6.558259751176498e-18
5.149830349930351e-18
4.0429889128165364e-18
3.1733524313486426e-18
2.4902387943543095e-18
1.9537608570470935e-18
1.532534715489961e-18
1.2018728376364295e-18
9.423598386073659e-19
7.387301542356489e-19
5.789838426373313e-19
4.536901643637557e-19
3.5543919886399117e-19
2.7841013605343866e-19
2.1803150204841716e-19
1.7071380605335673e-19
1.3363922269635817e-19
1.045961815678528e-19
8.184930600117816e-20
