0.027925531914893616
0.044326241134751775
0.05260970744680851
0.0553800975177305
0.05456802692819149
0.051565616688829786
0.047349321081283244
0.0425837090674867
0.03770505621078167
0.03298637714791805
0.028586652684718997
0.02458724062493507
0.021018253758232644
0.017877296881472812
0.015142515544442738
0.012781492454257418
0.010757164520947162
0.009031634477302779
0.0075685146869526685
0.0063342604242163855
0.005298816507098936
0.00443580518039453
0.003722415683994449
0.003139109291883267
0.0026692214894687553
0.0022985205454708535
0.0020147655412260297
0.0018072945914443161
0.001666664068801038
0.0015843513291305344
0.0015525263628300646
0.0015638918696048317
0.0016115864886811055
0.001689142362935411
0.0017904858893446835
0.001909969365944072
0.0020424211769212554
0.0021832029948587236
0.002328264014651371
0.0024741842403117244
0.002618201098204392
0.0027582159417890743
0.002892779169576714
0.003021054566129934
0.0031427650058782858
0.0032581227845131463
0.003367748554666644
0.0034725831653181
0.003573796685778801
0.0036726985987185507
0.003770652643797553
0.003868999156140505
0.00396898703943634
0.004071716800337348
0.004178095396184928
0.004288803046600942
0.00440427165351201
0.004524674074798335
0.004649923205449547
0.004779679630792833
0.004913366517553095
0.005050190385452666
0.005189166438542085
0.0053291472153518225
0.005468853425406821
0.005606905963829769
0.005741858225312811
0.005872227965938613
0.005996528080921444
0.006113295775300563
0.006221119701752379
0.00631866472517162
0.006404694048636335
0.006478088501462367
0.006537862849110442
0.006583179038472342
0.006613356341996595
0.006627878411272987
0.006626397295704701
0.006608734524924982
0.0065748793944790905
0.006524984632487006
0.006459359659841092
0.0063784616871918436
0.00628288491773785
0.0061733481449905364
0.006050681048649931
0.005915809499195929
0.005769740182623134
0.005613544851063549
0.005448344493175256
0.005275293700681382
0.005095565485032599
0.004910336771672803
0.0047207747697515364
0.0045280243833130986
0.004333196796967898
0.0041373593357663906
0.003941526666304236
0.0037466533747712964
0.003553627928383708
0.0033632679999350164
0.003176317111499462
0.0029934425328818717
0.002815234353411083
0.002642205632152597
0.0024747935215206403
0.002313361252458629
0.0021582008656101954
0.002009536571957367
0.0018675286279389472
0.001732277613749847
0.0016038290090071231
0.0014821779669044707
0.001367274196019165
0.0012590268677653668
0.0011573094768052724
0.0010619645912657452
0.0009728084391278418
0.0008896352864555645
0.000812221572041814
0.0007403297714380082
0.000673711971096738
0.0006121131404224779
0.00055527409584603
0.0005029341565941529
0.0004548334966140352
0.00041071520115038137
0.0003703270397909335
0.0003334229704356796
0.0002997643906572909
0.0002691211543593618
0.00024127237256628813
0.00021600701765336856
0.00019312435040950757
0.00017243418907674662
0.00015375703898691293
0.0001369241006692013
0.00012177717338213754
0.00010816846997339677
9.59603578311532e-05
8.502503949529471e-05
7.524418527672318e-05
6.65085290127649e-05
5.871743688819649e-05
5.1778458091580834e-05
4.560686496864607e-05
4.0125189289202456e-05
3.5262760268109416e-05
3.0955249079339854e-05
2.7144223777473727e-05
2.377671779370147e-05
2.080481450277231e-05
1.8185249761169764e-05
1.5879033792017085e-05
1.3851093335005047e-05
1.2069934585672835e-05
1.050732711292505e-05
9.138008661885148e-06
7.939410516138154e-06
6.891402904179502e-06
5.9760597847302255e-06
5.17744222990841e-06
4.481399539762335e-06
3.875387162304249e-06
3.3483004562123263e-06
2.8903233153472412e-06
2.492790672055514e-06
2.148063907097466e-06
1.8494182154553532e-06
1.590941007031451e-06
1.3674404574200472e-06
1.1743633648458276e-06
1.0077215135733417e-06
8.640257903873973e-07
7.402273480942924e-07
6.336651575525182e-07
5.420193368145167e-07
4.6326969199452307e-07
3.9565894903564985e-07
3.376601983037305e-07
2.8794811464504123e-07
2.453735540450705e-07
2.0894116421737145e-07
1.777896802866371e-07
1.511746082059e-07
1.2845302769526035e-07
1.0907027336796556e-07
9.254827739942706e-08
7.847537969207979e-08
6.649743210095433e-08
5.6310042026607336e-08
4.7651817671692e-08
4.0298492615642776e-08
3.405782120775866e-08
2.8765148729589176e-08
2.4279571446287213e-08
2.0480611662158813e-08
1.7265341821371583e-08
